# $LastChangedRevision$
# $Id$
# Megacam filter throughput curves http://www2.cadc-ccda.hia-iha.nrc-cnrc.gc.ca/megapipe/docs/filters.html
# Wavelength (nm) Throughput (0-1)
372 0
374 0.000355355616
378 0.000829957076
382 0.00141607679
386 0.00209650188
390 0.00304011698
394 0.00443226611
398 0.00670775538
402 0.0120516121
406 0.0313223414
410 0.0998138189
414 0.251622856
418 0.426322639
422 0.517378092
426 0.536827981
430 0.551809371
434 0.56177789
438 0.563030303
442 0.574669302
446 0.58998692
450 0.597056627
454 0.600475073
458 0.614054918
462 0.624335706
466 0.621033549
470 0.612812638
474 0.613680303
478 0.624298096
482 0.633061051
486 0.633593261
490 0.631872296
494 0.627049387
498 0.60651809
502 0.582745194
506 0.574268222
510 0.566061497
514 0.549057305
518 0.536121905
522 0.539279461
526 0.552175045
530 0.547873139
534 0.531880736
538 0.531952739
542 0.526999474
546 0.484875411
550 0.428083152
554 0.387431502
558 0.335921437
562 0.247861773
566 0.144387901
570 0.0655752793
574 0.0247591734
578 0.00843042694
582 0.00282773259
586 0.00106635387
590 0.000631565985
594 0.000583282614
598 0.000525950512
602 0.000360883336
606 0.000161975724
610 0
