# $LastChangedRevision$
# $Id$
# Megacam filter throughput curves http://www2.cadc-ccda.hia-iha.nrc-cnrc.gc.ca/megapipe/docs/filters.html
# Wavelength (nm) Throughput (0-1)
668.558 0
673.324 0.021895254
676.501 0.0547078811
678.725 0.0897862315
680.314 0.132073373
681.584 0.199673951
683.173 0.254757524
684.444 0.298874289
684.444 0.298874289
684.762 0.367411703
686.668 0.406062394
686.668 0.406062394
690.798 0.477764457
693.34 0.49387601
705.096 0.491021335
720.028 0.474454582
732.42 0.461236
743.222 0.443447441
752.118 0.424275964
762.285 0.41287747
770.864 0.39199394
776.9 0.380448252
781.984 0.370082736
790.562 0.356654197
798.823 0.345132887
806.448 0.333023548
813.12 0.320939571
818.521 0.308342755
826.464 0.29454881
835.043 0.272086889
838.856 0.263305217
840.126 0.245771959
842.35 0.205520451
843.304 0.174737006
845.528 0.12925221
847.116 0.081192635
849.023 0.0437096134
853.788 0.0138660809
859.825 0.00418129563
871.263 0
