# $LastChangedRevision$
# $Id$
# Megacam filter throughput curves http://www2.cadc-ccda.hia-iha.nrc-cnrc.gc.ca/megapipe/docs/filters.html
# Wavelength (nm) Throughput (0-1)
658 0
660 0.000859881402
664 0.00134602888
668 0.00213757111
672 0.00347799435
676 0.00587386172
680 0.0101999901
684 0.0182104073
688 0.0335023291
692 0.0622569732
696 0.112943545
700 0.190564215
704 0.286565781
708 0.379396945
712 0.444734603
716 0.474793822
720 0.481095284
724 0.476498902
728 0.468919873
732 0.462030023
736 0.456813425
740 0.452238888
744 0.447501093
748 0.44220835
752 0.434905171
756 0.426147133
760 0.416660339
764 0.408379674
768 0.400981069
772 0.395383984
776 0.391631633
780 0.388741314
784 0.385767192
788 0.381358027
792 0.374710739
796 0.366064042
800 0.355816871
804 0.347486913
808 0.340401232
812 0.334705323
816 0.328992993
820 0.320280552
824 0.307222277
828 0.288191378
832 0.267756373
836 0.25181362
840 0.235381439
844 0.216470942
848 0.191795066
852 0.154077321
856 0.109491475
860 0.0680668205
864 0.0373981036
868 0.0183362942
872 0.00918181613
876 0.00565015664
880 0.00326917553
884 0.00205566548
888 0.000941879756
892 0.000779765833
896 0.000857169623
900 0.000834865379
904 0.000853501027
908 0.000656112737
912 0
