# $LastChangedRevision$
# $Id$
# Megacam filter throughput curves http://www2.cadc-ccda.hia-iha.nrc-cnrc.gc.ca/megapipe/docs/filters.html
# Wavelength (nm) Throughput (0-1)
510 0
512 0.00131772901
516 0.00121030863
520 0.00118364685
524 0.00129845866
528 0.00157193583
532 0.00210029958
536 0.00304943114
540 0.00486857444
544 0.00871334039
548 0.0172524471
552 0.0353208706
556 0.0697644874
560 0.127027541
564 0.20946379
568 0.309700549
572 0.403278381
576 0.459738404
580 0.47052756
584 0.458884507
588 0.453177214
592 0.459308296
596 0.466526061
600 0.471418083
604 0.481089473
608 0.497871667
612 0.515868247
616 0.527954817
620 0.533769429
624 0.539559007
628 0.546480834
632 0.55073601
636 0.550913811
640 0.547247171
644 0.539698243
648 0.530544698
652 0.518774152
656 0.498609036
660 0.466601431
664 0.425780118
668 0.387365848
672 0.36626327
676 0.372356027
680 0.401935935
684 0.399843097
688 0.295218557
692 0.14074333
696 0.0444001406
700 0.0129846511
704 0.00483840052
708 0.00211520353
712 0.00103506143
716 0.000569712196
720 0.000350559334
722 0
