# $LastChangedRevision$
# $Id$
# Megacam filter throughput curves http://www2.cadc-ccda.hia-iha.nrc-cnrc.gc.ca/megapipe/docs/filters.html
# Wavelength (nm) Throughput (0-1)
300 0
318 0.000119374185
322 0.000555103819
326 0.00224317308
330 0.0160973426
334 0.0648551956
338 0.135956392
342 0.179929361
346 0.207123712
350 0.243952185
354 0.270075917
358 0.277276397
362 0.283456177
366 0.295061022
370 0.279397458
374 0.261833906
378 0.281388253
382 0.336556375
386 0.383069575
390 0.387663811
394 0.39384523
398 0.41868186
402 0.425191045
406 0.388191819
410 0.28170982
414 0.141230807
418 0.0499474704
422 0.0168965608
426 0.00676131854
430 0.00325661013
434 0.00188939588
438 0.00127769657
442 0.000963628117
446 0.000788327889
450 0.000688685104
454 0.00060211838
458 0.000534449122
462 0.000506343669
466 0.000528468285
470 0.000581911125
474 0.000696175033
478 0.000872161414
482 0.00115230726
486 0.00171151944
490 0.00274659414
494 0.00481579918
498 0.00796410535
502 0.0100412732
506 0.0094757285
510 0.0076275412
514 0.00568695087
518 0.0037230684
522 0.00208977424
526 0.00127485732
530 0.00130769971
534 0.0016671276
538 0.00176649203
542 0.00150029722
546 0.0012288026
550 0.00133760099
554 0
