# $LastChangedRevision$
# $Id$
# Megacam filter throughput curves http://www2.cadc-ccda.hia-iha.nrc-cnrc.gc.ca/megapipe/docs/filters.html
# Wavelength (nm) Throughput (0-1)
778 0
780 0.000298154482
784 0.000421382632
788 0.000617844751
792 0.00092385977
796 0.00145464682
800 0.00238681608
804 0.00405334588
808 0.00732962461
812 0.0139800701
816 0.027856743
820 0.0554090403
824 0.104835406
828 0.170723319
832 0.228108868
836 0.263207048
840 0.27685985
844 0.275680244
848 0.270607293
852 0.26625064
856 0.260749757
860 0.254382074
864 0.24816823
868 0.241476133
872 0.232566237
876 0.222295702
880 0.213475764
884 0.205972061
888 0.198679447
892 0.191328526
896 0.184844181
900 0.178206459
904 0.170237139
908 0.162276417
912 0.154366419
916 0.145774528
920 0.1375947
924 0.129395068
928 0.121231318
932 0.113395788
936 0.10594935
940 0.0990467966
944 0.0919484496
948 0.0850069225
952 0.0798064619
956 0.0759239644
960 0.0719882026
964 0.0680272728
968 0.0638097227
972 0.0594895855
976 0.0550764836
980 0.0506376214
984 0.046213109
988 0.0417242795
992 0.037232168
996 0.0328233689
1000 0.0284879077
1004 0.0242324527
1008 0.0200234875
1012 0.0158770978
1016 0.0118273003
1020 0.00783497933
1024 0.
