# $LastChangedRevision$
# $Id$
# Imsim goal throughputs, v1.0 (equivalent to Docushare 1089, v4, with update on lens 3)
#wavelength(nm) Transmission(0-1)
300 0
301 0
302 0
303 0
304 0
305 0
306 0
307 0
308 0
309 0
310 0
311 0
312 0
313 0
314 0
315 0
316 0
317 0
318 0
319 0
320 0
321 0
322 0
323 0
324 0
325 0
326 0
327 0
328 0
329 0
330 0
331 0
332 0
333 0
334 0
335 0
336 0
337 0
338 0
339 0
340 0
341 0
342 0
343 0
344 0
345 0
346 0
347 0
348 0
349 0
350 0
351 0
352 0
353 0
354 0
355 0
356 0
357 0
358 0
359 0
360 0
361 0
362 0
363 0
364 0
365 0
366 0
367 0
368 0
369 0
370 0
371 0
372 0
373 0
374 0
375 0
376 0
377 0
378 0
379 0
380 0
381 0
382 0
383 0
384 0
385 0.00033
386 0.00013
387 0.00018
388 3e-05
389 2e-05
390 1e-05
391 4e-05
392 0.0001
393 0.00028
394 0.00051
395 0.00012
396 5e-05
397 2e-05
398 6e-05
399 3e-05
400 4e-05
401 1e-05
402 0.0004
403 3e-05
404 3e-05
405 2e-05
406 3e-05
407 4e-05
408 1e-05
409 5e-05
410 6e-05
411 3e-05
412 4e-05
413 5e-05
414 4e-05
415 4e-05
416 3e-05
417 5e-05
418 7e-05
419 2e-05
420 6e-05
421 4e-05
422 4e-05
423 4e-05
424 3e-05
425 4e-05
426 3e-05
427 0.00021
428 3e-05
429 4e-05
430 6e-05
431 0.00017
432 0.00189
433 0.00074
434 0.00016
435 6e-05
436 6e-05
437 0.00031
438 0.0007
439 0.002
440 0.00017
441 0.0001
442 0.0014
443 0.00064
444 0.00374
445 0.00036
446 5e-05
447 3e-05
448 4e-05
449 0.00091
450 0.00025
451 0.0001
452 0.00028
453 0.00129
454 0.00163
455 0.00057
456 0.00034
457 0.00045
458 0.00155
459 0.00117
460 0.00047
461 0.00061
462 0.00056
463 0.00065
464 0.0006
465 0.00058
466 0.00098
467 0.00094
468 0.00027
469 0.00018
470 0.00023
471 0.00039
472 0.00042
473 0.00033
474 0.00028
475 0.00027
476 0.0003
477 0.00029
478 0.00028
479 0.00041
480 0.0005
481 0.00033
482 0.00027
483 0.00035
484 0.00044
485 0.00042
486 0.00045
487 0.00087
488 0.00076
489 0.0003
490 0.00014
491 0.00011
492 0.00014
493 0.00025
494 0.00036
495 0.0006
496 0.00064
497 0.00018
498 0.0001
499 7e-05
500 8e-05
501 0.00012
502 0.00023
503 0.00016
504 0.00013
505 0.00018
506 0.0002
507 0.00011
508 7e-05
509 6e-05
510 9e-05
511 0.00019
512 0.00016
513 0.00021
514 0.0002
515 0.00012
516 7e-05
517 6e-05
518 7e-05
519 8e-05
520 0.00013
521 0.00023
522 0.00012
523 5e-05
524 5e-05
525 9e-05
526 0.00023
527 0.00034
528 0.00026
529 0.00021
530 0.00044
531 0.00031
532 0.0003
533 0.00084
534 0.00056
535 0.00034
536 0.00037
537 0.00048
538 0.00125
539 0.00112
540 0.00071
541 0.00107
542 0.00094
543 0.00035
544 0.00022
545 0.00024
546 0.0004
547 0.00074
548 0.00052
549 0.00033
550 0.0004
551 0.00143
552 0.00201
553 0.00038
554 0.00025
555 0.00035
556 0.00066
557 0.00117
558 0.00042
559 0.00026
560 0.00032
561 0.00031
562 0.00024
563 0.00181
564 0.00117
565 0.00343
566 0.00347
567 0.00055
568 0.0003
569 0.00067
570 0.00343
571 0.00043
572 0.00021
573 0.00019
574 7e-05
575 3e-05
576 3e-05
577 5e-05
578 0.00011
579 0.00025
580 0.0005
581 0.00114
582 0.00057
583 8e-05
584 5e-05
585 3e-05
586 1e-05
587 1e-05
588 1e-05
589 2e-05
590 5e-05
591 8e-05
592 7e-05
593 0.00014
594 0.00014
595 6e-05
596 3e-05
597 2e-05
598 1e-05
599 1e-05
600 1e-05
601 1e-05
602 2e-05
603 5e-05
604 8e-05
605 8e-05
606 0.00014
607 0.0001
608 0.00011
609 4e-05
610 1e-05
611 1e-05
612 0
613 0
614 1e-05
615 1e-05
616 3e-05
617 0.0001
618 0.00026
619 0.00011
620 3e-05
621 1e-05
622 1e-05
623 2e-05
624 4e-05
625 0.0001
626 5e-05
627 3e-05
628 3e-05
629 0.0001
630 7e-05
631 9e-05
632 0.00023
633 0.00051
634 0.00126
635 0.00129
636 0.00077
637 0.00093
638 0.00163
639 0.00277
640 0.00278
641 0.00186
642 0.00107
643 0.00062
644 0.00061
645 0.00155
646 0.00119
647 0.00044
648 0.00048
649 0.00102
650 0.00394
651 0.0038
652 0.00372
653 0.00152
654 0.00051
655 0.00023
656 0.00016
657 0.00016
658 0.00039
659 0.00051
660 0.00172
661 0.00017
662 6e-05
663 5e-05
664 6e-05
665 8e-05
666 0.00012
667 0.00018
668 0.00025
669 0.00019
670 9e-05
671 5e-05
672 3e-05
673 3e-05
674 3e-05
675 3e-05
676 3e-05
677 3e-05
678 4e-05
679 4e-05
680 6e-05
681 9e-05
682 0.00013
683 0.00026
684 0.00036
685 0.00022
686 0.00016
687 0.00018
688 0.00029
689 0.00058
690 0.00075
691 0.00119
692 0.00206
693 0.00215
694 0.00174
695 0.00242
696 0.00183
697 0.00128
698 0.00173
699 0.00409
700 0.0036
701 0.00129
702 0.00069
703 0.00068
704 0.00096
705 0.00172
706 0.00276
707 0.00299
708 0.00187
709 0.00119
710 0.00139
711 0.00287
712 0.00382
713 0.00253
714 0.00084
715 0.00058
716 0.00021
717 0.00013
718 0.00011
719 0.0001
720 0.0001
721 0.00011
722 0.00013
723 0.00021
724 0.00061
725 0.00114
726 0.00113
727 0.00036
728 0.00016
729 0.0001
730 7e-05
731 6e-05
732 5e-05
733 5e-05
734 5e-05
735 6e-05
736 8e-05
737 9e-05
738 9e-05
739 9e-05
740 9e-05
741 7e-05
742 5e-05
743 5e-05
744 5e-05
745 4e-05
746 3e-05
747 3e-05
748 3e-05
749 4e-05
750 7e-05
751 0.00011
752 0.00016
753 0.0002
754 0.00016
755 0.00011
756 8e-05
757 7e-05
758 0.00014
759 0.00044
760 7e-05
761 0.00011
762 0.00059
763 0.0011
764 0.00011
765 3e-05
766 2e-05
767 2e-05
768 2e-05
769 3e-05
770 4e-05
771 5e-05
772 9e-05
773 0.00116
774 0.00029
775 0.00078
776 6e-05
777 2e-05
778 1e-05
779 0
780 0
781 0
782 0
783 0
784 0
785 0
786 0
787 0
788 0
789 0
790 0
791 0
792 0
793 0
794 0
795 0
796 0
797 0
798 0
799 0
800 0
801 0
802 0
803 0
804 0
805 0
806 0
807 0
808 0
809 0
810 0
811 0
812 0
813 0
814 0
815 0
816 0
817 0
818 0
819 0
820 1e-05
821 2e-05
822 5e-05
823 0.00012
824 0.0019
825 8e-05
826 1e-05
827 1e-05
828 0
829 0
830 0
831 0.00159
832 0
833 0
834 0
835 0
836 0
837 0
838 1e-05
839 1e-05
840 2e-05
841 6e-05
842 0.00018
843 2e-05
844 0.0001
845 1e-05
846 1e-05
847 1e-05
848 1e-05
849 1e-05
850 1e-05
851 1e-05
852 1e-05
853 1e-05
854 1e-05
855 2e-05
856 2e-05
857 4e-05
858 6e-05
859 0.00012
860 0.00021
861 0.00019
862 8e-05
863 4e-05
864 2e-05
865 2e-05
866 1e-05
867 2e-05
868 6e-05
869 8e-05
870 2e-05
871 1e-05
872 1e-05
873 1e-05
874 1e-05
875 2e-05
876 3e-05
877 5e-05
878 0.0001
879 0.00023
880 0.0001
881 7e-05
882 0.00021
883 5e-05
884 2e-05
885 1e-05
886 1e-05
887 1e-05
888 1e-05
889 1e-05
890 1e-05
891 1e-05
892 1e-05
893 1e-05
894 1e-05
895 1e-05
896 1e-05
897 1e-05
898 1e-05
899 2e-05
900 3e-05
901 4e-05
902 6e-05
903 0.0001
904 0.00015
905 0.00021
906 0.00022
907 0.00021
908 0.0002
909 0.0002
910 0.00023
911 0.00026
912 0.00033
913 0.00048
914 0.00081
915 0.00159
916 0.00251
917 0.00178
918 0.00098
919 0.00063
920 0.00052
921 0.00057
922 0.00096
923 0.00164
924 0.00095
925 0.00066
926 0.00059
927 0.0006
928 0.00068
929 0.00086
930 0.00121
931 0.0019
932 0.00307
933 0.00419
934 0.00444
935 0.00462
936 0.00368
937 0.0038
938 0.00381
939 0.00245
940 0.00169
941 0.00135
942 0.00121
943 0.00119
944 0.00125
945 0.00138
946 0.00162
947 0.002
948 0.00262
949 0.00363
950 0.00533
951 0.00799
952 0.01131
953 0.0162
954 0.02501
955 0.04281
956 0.0786
957 0.13944
958 0.20587
959 0.23658
960 0.23482
961 0.22755
962 0.22724
963 0.23654
964 0.25662
965 0.29187
966 0.34892
967 0.41145
968 0.43706
969 0.43232
970 0.42539
971 0.42705
972 0.43834
973 0.45731
974 0.48138
975 0.51
976 0.54879
977 0.61177
978 0.70198
979 0.77378
980 0.81233
981 0.86496
982 0.9195
983 0.93183
984 0.92567
985 0.92623
986 0.93582
987 0.95007
988 0.96471
989 0.97677
990 0.98465
991 0.98828
992 0.98896
993 0.9885
994 0.98821
995 0.98854
996 0.98921
997 0.98965
998 0.98937
999 0.98816
1000 0.98618
1001 0.98395
1002 0.98205
1003 0.98105
1004 0.98128
1005 0.98275
1006 0.9852
1007 0.98809
1008 0.99079
1009 0.99275
1010 0.99357
1011 0.99313
1012 0.99158
1013 0.98926
1014 0.98665
1015 0.98422
1016 0.98236
1017 0.98128
1018 0.98105
1019 0.98156
1020 0.98259
1021 0.98384
1022 0.98503
1023 0.98593
1024 0.98642
1025 0.98648
1026 0.9862
1027 0.98573
1028 0.98524
1029 0.98485
1030 0.98466
1031 0.98467
1032 0.98483
1033 0.98504
1034 0.98521
1035 0.98522
1036 0.98504
1037 0.98469
1038 0.98423
1039 0.9838
1040 0.98353
1041 0.98356
1042 0.98396
1043 0.98472
1044 0.98577
1045 0.98694
1046 0.98798
1047 0.98864
1048 0.98865
1049 0.98782
1050 0.98603
1051 0.98331
1052 0.97983
1053 0.97587
1054 0.97183
1055 0.96815
1056 0.96525
1057 0.96349
1058 0.9631
1059 0.96416
1060 0.96656
1061 0.97002
1062 0.97411
1063 0.97827
1064 0.98185
1065 0.98419
1066 0.98468
1067 0.98282
1068 0.97826
1069 0.97088
1070 0.96076
1071 0.94822
1072 0.93375
1073 0.91798
1074 0.90161
1075 0.88531
1076 0.86969
1077 0.85524
1078 0.84229
1079 0.83102
1080 0.82143
1081 0.81339
1082 0.80661
1083 0.80071
1084 0.79524
1085 0.78975
1086 0.7838
1087 0.77705
1088 0.76932
1089 0.76056
1090 0.75092
1091 0.74068
1092 0.73022
1093 0.71998
1094 0.71041
1095 0.70191
1096 0.6948
1097 0.68928
1098 0.68542
1099 0.68317
1100 0.6823
1101 0.68245
1102 0.68318
1103 0.68394
1104 0.68423
1105 0.68359
1106 0.68164
1107 0.67818
1108 0.67309
1109 0.66642
1110 0.65834
1111 0.64918
1112 0.6394
1113 0.6296
1114 0.62043
1115 0.61253
1116 0.60646
1117 0.60264
1118 0.60131
1119 0.60254
1120 0.6062
1121 0.61196
1122 0.61931
1123 0.62757
1124 0.63594
1125 0.64358
1126 0.6497
1127 0.65371
1128 0.65526
1129 0.65438
1130 0.65138
1131 0.64686
1132 0.64157
1133 0.63627
1134 0.63166
1135 0.62829
1136 0.62652
1137 0.62653
1138 0.62834
1139 0.63184
1140 0.63682
1141 0.64302
1142 0.65017
1143 0.65797
1144 0.66614
1145 0.67447
1146 0.68273
1147 0.69082
1148 0.69868
1149 0.70636
1150 0.71403
1151 0.72193
1152 0.73035
1153 0.73962
1154 0.75002
1155 0.76176
1156 0.77492
1157 0.78948
1158 0.80524
1159 0.82186
1160 0.83884
1161 0.85558
1162 0.87137
1163 0.8855
1164 0.89723
1165 0.90596
1166 0.9112
1167 0.91264
1168 0.91025
1169 0.90422
1170 0.89501
1171 0.88327
1172 0.86981
1173 0.8555
1174 0.84117
1175 0.82756
1176 0.81524
1177 0.80462
1178 0.7959
1179 0.78911
1180 0.7841
1181 0.78056
1182 0.77806
1183 0.77604
1184 0.7739
1185 0.77103
1186 0.76685
1187 0.76087
1188 0.75279
1189 0.74245
1190 0.72991
1191 0.71539
1192 0.69924
1193 0.68188
1194 0.66375
1195 0.64526
1196 0.6268
1197 0.60867
1198 0.59116
1199 0.57449
1200 0.55884
