# Date Updated: 12/18/2015
# Source: http://svo2.cab.inta-csic.es/svo/theory/fps3/index.php?mode=browse&gname=WISE
# Wavelength(nm) Transmission(0-1)
7200.00 0.000028
7210.00 0.001720
7220.00 0.001695
7230.00 0.002120
7240.00 0.002230
7250.00 0.002056
7260.00 0.002160
7270.00 0.001918
7280.00 0.001155
7290.00 0.001644
7300.00 0.002689
7310.00 0.003371
7320.00 0.003592
7330.00 0.003522
7340.00 0.003774
7350.00 0.003684
7360.00 0.003335
7370.00 0.003334
7380.00 0.003173
7390.00 0.003379
7400.00 0.003660
7410.00 0.004279
7420.00 0.005431
7430.00 0.007114
7440.00 0.009252
7450.00 0.011710
7460.00 0.014421
7470.00 0.017429
7480.00 0.021233
7490.00 0.026207
7500.00 0.033257
7510.00 0.043132
7520.00 0.056946
7530.00 0.075682
7540.00 0.100100
7550.00 0.129790
7560.00 0.164320
7570.00 0.200060
7580.00 0.231020
7590.00 0.254820
7600.00 0.268930
7610.00 0.273040
7620.00 0.268500
7630.00 0.258810
7640.00 0.246570
7650.00 0.235550
7660.00 0.225770
7670.00 0.218490
7680.00 0.212450
7690.00 0.208930
7700.00 0.207930
7710.00 0.208200
7720.00 0.208470
7730.00 0.210010
7740.00 0.211560
7750.00 0.211830
7760.00 0.213380
7770.00 0.214940
7780.00 0.217780
7790.00 0.221900
7800.00 0.226040
7810.00 0.230190
7820.00 0.234350
7830.00 0.238520
7840.00 0.242690
7850.00 0.245590
7860.00 0.248490
7870.00 0.250100
7880.00 0.251720
7890.00 0.253330
7900.00 0.256260
7910.00 0.257880
7920.00 0.260820
7930.00 0.266370
7940.00 0.270630
7950.00 0.276210
7960.00 0.283110
7970.00 0.291340
7980.00 0.299590
7990.00 0.306540
8000.00 0.312190
8010.00 0.316540
8020.00 0.320900
8030.00 0.323940
8040.00 0.326990
8050.00 0.328720
8060.00 0.329130
8070.00 0.330870
8080.00 0.331280
8090.00 0.334350
8100.00 0.336100
8110.00 0.336510
8120.00 0.336930
8130.00 0.336010
8140.00 0.333740
8150.00 0.331460
8160.00 0.327840
8170.00 0.324210
8180.00 0.321910
8190.00 0.320950
8200.00 0.318650
8210.00 0.317680
8220.00 0.315360
8230.00 0.314390
8240.00 0.313420
8250.00 0.311080
8260.00 0.307380
8270.00 0.302300
8280.00 0.297210
8290.00 0.292110
8300.00 0.291100
8310.00 0.291450
8320.00 0.291800
8330.00 0.293520
8340.00 0.293870
8350.00 0.292850
8360.00 0.291830
8370.00 0.292180
8380.00 0.293900
8390.00 0.297020
8400.00 0.300140
8410.00 0.301880
8420.00 0.305010
8430.00 0.308150
8440.00 0.311300
8450.00 0.314450
8460.00 0.319000
8470.00 0.323560
8480.00 0.328130
8490.00 0.332710
8500.00 0.337300
8510.00 0.341900
8520.00 0.345110
8530.00 0.348320
8540.00 0.351540
8550.00 0.354770
8560.00 0.358010
8570.00 0.359840
8580.00 0.361670
8590.00 0.362090
8600.00 0.361090
8610.00 0.360100
8620.00 0.359100
8630.00 0.358090
8640.00 0.355660
8650.00 0.354650
8660.00 0.353630
8670.00 0.352610
8680.00 0.351590
8690.00 0.349130
8700.00 0.348100
8710.00 0.345630
8720.00 0.344600
8730.00 0.343550
8740.00 0.339630
8750.00 0.332810
8760.00 0.317330
8770.00 0.290250
8780.00 0.253000
8790.00 0.217100
8800.00 0.197060
8810.00 0.203090
8820.00 0.228010
8830.00 0.261710
8840.00 0.291120
8850.00 0.311850
8860.00 0.323870
8870.00 0.331540
8880.00 0.336300
8890.00 0.341070
8900.00 0.345850
8910.00 0.350640
8920.00 0.353970
8930.00 0.357310
8940.00 0.359180
8950.00 0.359580
8960.00 0.361460
8970.00 0.363340
8980.00 0.363740
8990.00 0.365630
9000.00 0.366030
9010.00 0.364960
9020.00 0.363880
9030.00 0.362790
9040.00 0.361710
9050.00 0.360620
9060.00 0.361020
9070.00 0.362910
9080.00 0.363310
9090.00 0.365200
9100.00 0.367100
9110.00 0.370510
9120.00 0.370910
9130.00 0.372820
9140.00 0.373230
9150.00 0.372130
9160.00 0.371030
9170.00 0.368420
9180.00 0.367310
9190.00 0.364680
9200.00 0.363560
9210.00 0.363960
9220.00 0.362840
9230.00 0.363230
9240.00 0.362100
9250.00 0.362490
9260.00 0.359840
9270.00 0.360230
9280.00 0.359090
9290.00 0.359470
9300.00 0.361390
9310.00 0.361780
9320.00 0.363700
9330.00 0.364090
9340.00 0.364480
9350.00 0.366410
9360.00 0.366800
9370.00 0.365650
9380.00 0.366040
9390.00 0.366430
9400.00 0.368370
9410.00 0.368760
9420.00 0.370710
9430.00 0.371100
9440.00 0.373050
9450.00 0.375000
9460.00 0.376950
9470.00 0.378910
9480.00 0.382430
9490.00 0.385960
9500.00 0.389500
9510.00 0.393040
9520.00 0.395020
9530.00 0.395440
9540.00 0.395850
9550.00 0.394690
9560.00 0.391960
9570.00 0.390790
9580.00 0.388050
9590.00 0.385290
9600.00 0.382530
9610.00 0.379770
9620.00 0.378580
9630.00 0.377390
9640.00 0.377780
9650.00 0.379760
9660.00 0.381740
9670.00 0.385320
9680.00 0.387310
9690.00 0.390910
9700.00 0.392910
9710.00 0.393310
9720.00 0.393720
9730.00 0.394120
9740.00 0.392920
9750.00 0.391720
9760.00 0.392120
9770.00 0.392520
9780.00 0.392930
9790.00 0.394940
9800.00 0.396960
9810.00 0.398980
9820.00 0.401000
9830.00 0.403030
9840.00 0.405060
9850.00 0.407090
9860.00 0.409130
9870.00 0.411170
9880.00 0.413210
9890.00 0.415260
9900.00 0.418940
9910.00 0.422630
9920.00 0.427950
9930.00 0.431650
9940.00 0.437000
9950.00 0.440710
9960.00 0.444440
9970.00 0.448170
9980.00 0.450260
9990.00 0.454000
10000.00 0.456100
10010.00 0.459850
10020.00 0.465260
10030.00 0.469030
10040.00 0.474460
10050.00 0.481550
10060.00 0.488660
10070.00 0.495770
10080.00 0.501240
10090.00 0.508390
10100.00 0.515540
10110.00 0.521050
10120.00 0.526560
10130.00 0.532090
10140.00 0.535950
10150.00 0.539820
10160.00 0.543700
10170.00 0.547580
10180.00 0.548120
10190.00 0.548660
10200.00 0.547520
10210.00 0.544690
10220.00 0.541860
10230.00 0.539020
10240.00 0.536180
10250.00 0.535010
10260.00 0.532160
10270.00 0.527600
10280.00 0.524730
10290.00 0.520160
10300.00 0.517270
10310.00 0.512680
10320.00 0.511480
10330.00 0.510270
10340.00 0.509070
10350.00 0.509560
10360.00 0.510050
10370.00 0.510540
10380.00 0.511040
10390.00 0.509820
10400.00 0.508600
10410.00 0.507370
10420.00 0.506140
10430.00 0.504910
10440.00 0.501960
10450.00 0.502440
10460.00 0.501200
10470.00 0.501670
10480.00 0.502150
10490.00 0.504360
10500.00 0.506570
10510.00 0.508780
10520.00 0.511000
10530.00 0.511480
10540.00 0.513710
10550.00 0.515930
10560.00 0.518160
10570.00 0.520390
10580.00 0.524370
10590.00 0.526610
10600.00 0.530590
10610.00 0.532840
10620.00 0.535090
10630.00 0.537350
10640.00 0.539600
10650.00 0.541860
10660.00 0.544130
10670.00 0.546400
10680.00 0.550420
10690.00 0.552700
10700.00 0.553220
10710.00 0.555500
10720.00 0.556020
10730.00 0.554770
10740.00 0.553520
10750.00 0.552260
10760.00 0.551000
10770.00 0.549740
10780.00 0.548480
10790.00 0.547210
10800.00 0.547720
10810.00 0.548230
10820.00 0.550510
10830.00 0.552810
10840.00 0.555100
10850.00 0.557400
10860.00 0.559700
10870.00 0.560220
10880.00 0.558940
10890.00 0.557660
10900.00 0.556380
10910.00 0.553300
10920.00 0.550210
10930.00 0.548910
10940.00 0.545810
10950.00 0.542700
10960.00 0.541400
10970.00 0.540080
10980.00 0.538770
10990.00 0.539260
11000.00 0.539750
11010.00 0.540240
11020.00 0.542540
11030.00 0.544850
11040.00 0.547160
11050.00 0.547660
11060.00 0.548160
11070.00 0.546830
11080.00 0.545500
11090.00 0.545990
11100.00 0.544660
11110.00 0.545150
11120.00 0.543810
11130.00 0.544290
11140.00 0.544780
11150.00 0.543440
11160.00 0.543920
11170.00 0.540730
11180.00 0.539380
11190.00 0.536170
11200.00 0.532960
11210.00 0.529750
11220.00 0.526530
11230.00 0.523300
11240.00 0.521910
11250.00 0.520520
11260.00 0.519130
11270.00 0.519590
11280.00 0.521910
11290.00 0.522380
11300.00 0.524700
11310.00 0.527030
11320.00 0.531220
11330.00 0.533550
11340.00 0.535890
11350.00 0.538230
11360.00 0.540580
11370.00 0.541050
11380.00 0.543400
11390.00 0.543880
11400.00 0.546240
11410.00 0.546720
11420.00 0.549070
11430.00 0.551440
11440.00 0.553800
11450.00 0.556170
11460.00 0.558550
11470.00 0.562810
11480.00 0.565190
11490.00 0.569470
11500.00 0.571860
11510.00 0.576140
11520.00 0.580440
11530.00 0.584740
11540.00 0.589050
11550.00 0.593360
11560.00 0.597680
11570.00 0.600100
11580.00 0.602530
11590.00 0.604960
11600.00 0.605480
11610.00 0.607910
11620.00 0.608440
11630.00 0.610880
11640.00 0.611400
11650.00 0.613840
11660.00 0.614370
11670.00 0.616820
11680.00 0.617350
11690.00 0.617880
11700.00 0.618410
11710.00 0.617010
11720.00 0.615600
11730.00 0.612270
11740.00 0.608920
11750.00 0.607510
11760.00 0.604150
11770.00 0.600790
11780.00 0.599360
11790.00 0.597930
11800.00 0.596490
11810.00 0.597000
11820.00 0.595550
11830.00 0.596060
11840.00 0.596560
11850.00 0.595110
11860.00 0.593660
11870.00 0.592210
11880.00 0.590750
11890.00 0.589290
11900.00 0.585870
11910.00 0.584400
11920.00 0.582930
11930.00 0.581450
11940.00 0.579970
11950.00 0.580460
11960.00 0.578980
11970.00 0.579460
11980.00 0.579940
11990.00 0.578450
12000.00 0.578940
12010.00 0.577440
12020.00 0.575940
12030.00 0.574440
12040.00 0.572940
12050.00 0.571430
12060.00 0.567930
12070.00 0.566410
12080.00 0.562910
12090.00 0.563370
12100.00 0.561850
12110.00 0.562310
12120.00 0.562770
12130.00 0.565240
12140.00 0.567700
12150.00 0.570170
12160.00 0.572640
12170.00 0.575120
12180.00 0.577590
12190.00 0.580070
12200.00 0.584570
12210.00 0.585050
12220.00 0.587540
12230.00 0.590030
12240.00 0.590520
12250.00 0.593020
12260.00 0.593500
12270.00 0.593980
12280.00 0.596490
12290.00 0.596980
12300.00 0.599490
12310.00 0.602000
12320.00 0.606550
12330.00 0.611100
12340.00 0.615660
12350.00 0.620220
12360.00 0.624800
12370.00 0.629380
12380.00 0.633960
12390.00 0.640590
12400.00 0.645200
12410.00 0.651850
12420.00 0.658510
12430.00 0.663130
12440.00 0.669810
12450.00 0.674450
12460.00 0.681140
12470.00 0.685800
12480.00 0.690460
12490.00 0.693070
12500.00 0.695680
12510.00 0.698300
12520.00 0.700920
12530.00 0.699410
12540.00 0.699970
12550.00 0.698460
12560.00 0.696950
12570.00 0.695440
12580.00 0.693920
12590.00 0.692400
12600.00 0.692950
12610.00 0.693500
12620.00 0.694050
12630.00 0.696680
12640.00 0.699310
12650.00 0.701940
12660.00 0.704580
12670.00 0.704930
12680.00 0.707580
12690.00 0.708130
12700.00 0.708690
12710.00 0.709250
12720.00 0.709810
12730.00 0.710580
12740.00 0.711130
12750.00 0.711690
12760.00 0.714350
12770.00 0.714910
12780.00 0.717580
12790.00 0.720240
12800.00 0.722910
12810.00 0.725590
12820.00 0.730380
12830.00 0.735170
12840.00 0.739970
12850.00 0.744780
12860.00 0.751710
12870.00 0.756540
12880.00 0.761360
12890.00 0.768320
12900.00 0.771040
12910.00 0.775890
12920.00 0.778620
12930.00 0.781350
12940.00 0.781960
12950.00 0.784690
12960.00 0.785300
12970.00 0.783770
12980.00 0.784370
12990.00 0.784980
13000.00 0.785580
13010.00 0.786190
13020.00 0.786790
13030.00 0.789540
13040.00 0.792290
13050.00 0.795050
13060.00 0.797810
13070.00 0.802730
13080.00 0.809800
13090.00 0.814730
13100.00 0.821820
13110.00 0.828930
13120.00 0.836040
13130.00 0.843160
13140.00 0.848130
13150.00 0.855270
13160.00 0.862430
13170.00 0.867420
13180.00 0.872420
13190.00 0.877420
13200.00 0.882430
13210.00 0.887450
13220.00 0.890300
13230.00 0.893150
13240.00 0.896010
13250.00 0.898870
13260.00 0.901730
13270.00 0.904590
13280.00 0.905280
13290.00 0.905960
13300.00 0.906640
13310.00 0.907320
13320.00 0.905810
13330.00 0.904290
13340.00 0.900580
13350.00 0.899060
13360.00 0.897530
13370.00 0.893800
13380.00 0.892260
13390.00 0.890730
13400.00 0.889190
13410.00 0.889850
13420.00 0.890510
13430.00 0.891180
13440.00 0.891840
13450.00 0.894720
13460.00 0.895380
13470.00 0.898270
13480.00 0.898930
13490.00 0.901820
13500.00 0.902490
13510.00 0.903160
13520.00 0.903830
13530.00 0.904500
13540.00 0.905160
13550.00 0.905830
13560.00 0.906500
13570.00 0.909400
13580.00 0.910070
13590.00 0.912980
13600.00 0.913650
13610.00 0.916570
13620.00 0.917240
13630.00 0.920160
13640.00 0.920830
13650.00 0.921510
13660.00 0.919930
13670.00 0.920610
13680.00 0.919030
13690.00 0.917450
13700.00 0.915860
13710.00 0.914270
13720.00 0.912680
13730.00 0.911080
13740.00 0.909480
13750.00 0.907880
13760.00 0.908540
13770.00 0.909200
13780.00 0.909860
13790.00 0.910520
13800.00 0.913460
13810.00 0.914120
13820.00 0.917060
13830.00 0.920000
13840.00 0.920660
13850.00 0.921330
13860.00 0.924270
13870.00 0.924940
13880.00 0.925610
13890.00 0.926270
13900.00 0.926940
13910.00 0.929900
13920.00 0.930570
13930.00 0.931240
13940.00 0.934200
13950.00 0.937170
13960.00 0.940140
13970.00 0.943110
13980.00 0.946090
13990.00 0.949070
14000.00 0.954360
14010.00 0.957350
14020.00 0.960340
14030.00 0.963330
14040.00 0.966330
14050.00 0.967020
14060.00 0.970020
14070.00 0.970710
14080.00 0.969080
14090.00 0.969770
14100.00 0.968140
14110.00 0.968830
14120.00 0.967190
14130.00 0.965550
14140.00 0.966230
14150.00 0.966910
14160.00 0.965260
14170.00 0.968280
14180.00 0.968960
14190.00 0.971980
14200.00 0.972670
14210.00 0.975690
14220.00 0.978720
14230.00 0.979410
14240.00 0.982440
14250.00 0.983130
14260.00 0.983820
14270.00 0.982160
14280.00 0.980500
14290.00 0.981180
14300.00 0.979520
14310.00 0.977850
14320.00 0.978530
14330.00 0.976850
14340.00 0.977530
14350.00 0.978220
14360.00 0.981260
14370.00 0.981950
14380.00 0.985000
14390.00 0.988050
14400.00 0.991110
14410.00 0.991800
14420.00 0.994860
14430.00 0.997930
14440.00 0.998620
14450.00 0.999310
14460.00 1.000000
14470.00 0.998310
14480.00 0.996610
14490.00 0.994920
14500.00 0.993220
14510.00 0.991510
14520.00 0.989800
14530.00 0.988090
14540.00 0.986380
14550.00 0.984660
14560.00 0.982940
14570.00 0.981220
14580.00 0.979490
14590.00 0.977760
14600.00 0.976030
14610.00 0.974290
14620.00 0.972550
14630.00 0.970800
14640.00 0.969060
14650.00 0.967310
14660.00 0.965550
14670.00 0.963800
14680.00 0.962040
14690.00 0.962690
14700.00 0.960930
14710.00 0.961580
14720.00 0.959810
14730.00 0.960460
14740.00 0.958690
14750.00 0.959340
14760.00 0.959990
14770.00 0.958210
14780.00 0.956420
14790.00 0.954630
14800.00 0.952840
14810.00 0.953490
14820.00 0.949250
14830.00 0.947450
14840.00 0.945640
14850.00 0.943840
14860.00 0.942020
14870.00 0.940210
14880.00 0.938390
14890.00 0.936570
14900.00 0.934750
14910.00 0.932920
14920.00 0.931090
14930.00 0.926790
14940.00 0.924960
14950.00 0.923110
14960.00 0.918800
14970.00 0.916950
14980.00 0.915100
14990.00 0.910770
15000.00 0.908910
15010.00 0.907050
15020.00 0.905180
15030.00 0.903300
15040.00 0.901430
15050.00 0.899550
15060.00 0.897670
15070.00 0.895780
15080.00 0.893890
15090.00 0.892000
15100.00 0.887620
15110.00 0.885720
15120.00 0.883820
15130.00 0.879420
15140.00 0.875010
15150.00 0.870600
15160.00 0.866190
15170.00 0.859260
15180.00 0.852330
15190.00 0.845390
15200.00 0.838440
15210.00 0.831480
15220.00 0.822000
15230.00 0.815020
15240.00 0.805510
15250.00 0.798510
15260.00 0.791490
15270.00 0.781960
15280.00 0.774920
15290.00 0.767870
15300.00 0.760820
15310.00 0.753750
15320.00 0.749200
15330.00 0.742120
15340.00 0.735020
15350.00 0.727920
15360.00 0.720810
15370.00 0.713680
15380.00 0.706800
15390.00 0.699660
15400.00 0.692510
15410.00 0.685350
15420.00 0.678170
15430.00 0.673280
15440.00 0.666090
15450.00 0.661430
15460.00 0.659310
15470.00 0.654650
15480.00 0.652520
15490.00 0.650390
15500.00 0.648260
15510.00 0.648680
15520.00 0.649090
15530.00 0.646960
15540.00 0.647370
15550.00 0.647790
15560.00 0.648210
15570.00 0.648620
15580.00 0.651600
15590.00 0.652020
15600.00 0.652440
15610.00 0.652860
15620.00 0.655850
15630.00 0.656270
15640.00 0.659260
15650.00 0.659690
15660.00 0.662690
15670.00 0.663110
15680.00 0.666110
15690.00 0.666540
15700.00 0.666960
15710.00 0.669970
15720.00 0.670400
15730.00 0.670830
15740.00 0.671250
15750.00 0.669090
15760.00 0.669510
15770.00 0.669940
15780.00 0.667760
15790.00 0.668190
15800.00 0.666010
15810.00 0.663830
15820.00 0.664250
15830.00 0.662060
15840.00 0.659870
15850.00 0.657680
15860.00 0.652870
15870.00 0.650670
15880.00 0.648460
15890.00 0.643640
15900.00 0.641420
15910.00 0.636590
15920.00 0.631750
15930.00 0.629520
15940.00 0.624670
15950.00 0.619810
15960.00 0.617570
15970.00 0.612690
15980.00 0.610450
15990.00 0.608200
16000.00 0.605940
16010.00 0.603680
16020.00 0.601420
16030.00 0.599160
16040.00 0.599530
16050.00 0.597260
16060.00 0.597640
16070.00 0.598010
16080.00 0.598380
16090.00 0.598750
16100.00 0.596470
16110.00 0.596840
16120.00 0.597210
16130.00 0.594930
16140.00 0.595300
16150.00 0.595670
16160.00 0.593370
16170.00 0.591080
16180.00 0.591440
16190.00 0.589140
16200.00 0.586840
16210.00 0.584530
16220.00 0.582220
16230.00 0.579910
16240.00 0.574920
16250.00 0.572600
16260.00 0.567600
16270.00 0.562590
16280.00 0.557570
16290.00 0.552550
16300.00 0.544840
16310.00 0.537110
16320.00 0.529650
16330.00 0.521910
16340.00 0.514160
16350.00 0.503700
16360.00 0.493240
16370.00 0.482750
16380.00 0.472260
16390.00 0.461750
16400.00 0.451230
16410.00 0.438000
16420.00 0.427450
16430.00 0.414190
16440.00 0.403610
16450.00 0.390310
16460.00 0.377000
16470.00 0.366380
16480.00 0.353030
16490.00 0.339670
16500.00 0.329010
16510.00 0.315620
16520.00 0.304930
16530.00 0.291500
16540.00 0.280790
16550.00 0.267770
16560.00 0.256180
16570.00 0.244870
16580.00 0.234070
16590.00 0.223010
16600.00 0.212760
16610.00 0.202800
16620.00 0.193070
16630.00 0.183600
16640.00 0.174420
16650.00 0.166030
16660.00 0.157620
16670.00 0.149480
16680.00 0.142130
16690.00 0.135070
16700.00 0.128250
16710.00 0.121970
16720.00 0.115710
16730.00 0.109970
16740.00 0.104800
16750.00 0.099344
16760.00 0.094712
16770.00 0.090350
16780.00 0.085983
16790.00 0.082164
16800.00 0.078368
16810.00 0.074789
16820.00 0.071510
16830.00 0.068227
16840.00 0.065494
16850.00 0.062731
16860.00 0.059992
16870.00 0.057528
16880.00 0.055033
16890.00 0.052840
16900.00 0.050896
16910.00 0.048699
16920.00 0.047028
16930.00 0.045104
16940.00 0.043457
16950.00 0.042088
16960.00 0.040437
16970.00 0.039064
16980.00 0.037689
16990.00 0.036592
17000.00 0.035494
17010.00 0.034394
17020.00 0.033293
17030.00 0.032191
17040.00 0.031340
17050.00 0.030264
17060.00 0.029411
17070.00 0.028585
17080.00 0.027676
17090.00 0.026809
17100.00 0.025960
17110.00 0.025085
17120.00 0.024189
17130.00 0.023309
17140.00 0.022406
17150.00 0.021450
17160.00 0.020516
17170.00 0.019522
17180.00 0.018498
17190.00 0.017467
17200.00 0.016440
17210.00 0.015382
17220.00 0.014324
17230.00 0.013260
17240.00 0.012223
17250.00 0.011154
17260.00 0.010137
17270.00 0.009117
17280.00 0.008092
17290.00 0.007103
17300.00 0.006196
17310.00 0.005264
17320.00 0.004429
17330.00 0.003567
17340.00 0.002788
17350.00 0.001886
17360.00 0.002002
17370.00 0.001265
17380.00 0.006594
17390.00 0.007070
17400.00 0.007123
17410.00 0.006722
17420.00 0.005820
17430.00 0.004563
17440.00 0.003041
17450.00 0.001257
17460.00 0.003266
17470.00 0.000674
17480.00 0.001851
17490.00 0.002535
17500.00 0.002910
17510.00 0.003935
17520.00 0.003831
17530.00 0.003169
17540.00 0.002659
17550.00 0.002223
17560.00 0.001826
17570.00 0.001455
17580.00 0.001052
17590.00 0.001215
17600.00 0.001100
17610.00 0.001003
17620.00 0.000920
17630.00 0.000852
17640.00 0.000769
17650.00 0.000635
17660.00 0.000595
17670.00 0.000544
17680.00 0.000493
17690.00 0.000444
17700.00 0.000398
17710.00 0.000347
17720.00 0.000324
17730.00 0.000302
17740.00 0.000284
17750.00 0.000268
17760.00 0.000253
17770.00 0.000237
17780.00 0.000224
17790.00 0.000212
17800.00 0.000201
17810.00 0.000192
17820.00 0.000183
17830.00 0.000175
17840.00 0.000168
17850.00 0.000162
17860.00 0.000156
17870.00 0.000151
17880.00 0.000145
17890.00 0.000142
17900.00 0.000140
17910.00 0.000137
17920.00 0.000135
17930.00 0.000133
17940.00 0.000130
17950.00 0.000128
17960.00 0.000144
17970.00 0.000149
17980.00 0.000150
17990.00 0.000149
18000.00 0.000149
18010.00 0.000147
18020.00 0.000146
18030.00 0.000143
18040.00 0.000137
18050.00 0.000119
18060.00 0.000119
18070.00 0.000120
18080.00 0.000120
18090.00 0.000121
18100.00 0.000121
18110.00 0.000122
18120.00 0.000122
18130.00 0.000123
18140.00 0.000123
18150.00 0.000123
18160.00 0.000123
18170.00 0.000123
18180.00 0.000123
18190.00 0.000142
18200.00 0.000149
18210.00 0.000151
18220.00 0.000152
18230.00 0.000151
18240.00 0.000149
18250.00 0.000146
18260.00 0.000141
18270.00 0.000135
18280.00 0.000129
18290.00 0.000119
18300.00 0.000118
18310.00 0.000116
18320.00 0.000114
18330.00 0.000113
18340.00 0.000111
18350.00 0.000110
18360.00 0.000109
18370.00 0.000107
18380.00 0.000106
18390.00 0.000104
18400.00 0.000102
18410.00 0.000099
