# $LastChangedRevision$
# $Id$
# Docushare Collection-1777, V1, Date= March 1, 2010. 
# Wavelength(nm)  Transmission(0-1)
300 0.3
301 0.304
302 0.308
303 0.312
304 0.316
305 0.32
306 0.324
307 0.328
308 0.332
309 0.336
310 0.34
311 0.344
312 0.348
313 0.352
314 0.356
315 0.36
316 0.364
317 0.368
318 0.372
319 0.376
320 0.38
321 0.384
322 0.388
323 0.392
324 0.396
325 0.4
326 0.404
327 0.408
328 0.412
329 0.416
330 0.42
331 0.424
332 0.428
333 0.432
334 0.436
335 0.44
336 0.444
337 0.448
338 0.452
339 0.456
340 0.46
341 0.464
342 0.468
343 0.472
344 0.476
345 0.48
346 0.484
347 0.488
348 0.492
349 0.496
350 0.5
351 0.504
352 0.508
353 0.512
354 0.516
355 0.52
356 0.524
357 0.528
358 0.532
359 0.536
360 0.54
361 0.544
362 0.548
363 0.552
364 0.556
365 0.56
366 0.564
367 0.568
368 0.572
369 0.576
370 0.58
371 0.584
372 0.588
373 0.592
374 0.596
375 0.6
376 0.604
377 0.608
378 0.612
379 0.616
380 0.62
381 0.624
382 0.628
383 0.632
384 0.636
385 0.64
386 0.644
387 0.648
388 0.652
389 0.656
390 0.66
391 0.664
392 0.668
393 0.672
394 0.676
395 0.68
396 0.684
397 0.688
398 0.692
399 0.696
400 0.7
401 0.7005
402 0.701
403 0.7015
404 0.702
405 0.7025
406 0.703
407 0.7035
408 0.704
409 0.7045
410 0.705
411 0.7055
412 0.706
413 0.7065
414 0.707
415 0.7075
416 0.708
417 0.7085
418 0.709
419 0.7095
420 0.71
421 0.7105
422 0.711
423 0.7115
424 0.712
425 0.7125
426 0.713
427 0.7135
428 0.714
429 0.7145
430 0.715
431 0.7155
432 0.716
433 0.7165
434 0.717
435 0.7175
436 0.718
437 0.7185
438 0.719
439 0.7195
440 0.72
441 0.7205
442 0.721
443 0.7215
444 0.722
445 0.7225
446 0.723
447 0.7235
448 0.724
449 0.7245
450 0.725
451 0.7255
452 0.726
453 0.7265
454 0.727
455 0.7275
456 0.728
457 0.7285
458 0.729
459 0.7295
460 0.73
461 0.7305
462 0.731
463 0.7315
464 0.732
465 0.7325
466 0.733
467 0.7335
468 0.734
469 0.7345
470 0.735
471 0.7355
472 0.736
473 0.7365
474 0.737
475 0.7375
476 0.738
477 0.7385
478 0.739
479 0.7395
480 0.74
481 0.7405
482 0.741
483 0.7415
484 0.742
485 0.7425
486 0.743
487 0.7435
488 0.744
489 0.7445
490 0.745
491 0.7455
492 0.746
493 0.7465
494 0.747
495 0.7475
496 0.748
497 0.7485
498 0.749
499 0.7495
500 0.75
501 0.7507
502 0.7514
503 0.7521
504 0.7528
505 0.7535
506 0.7542
507 0.7549
508 0.7556
509 0.7563
510 0.757
511 0.7577
512 0.7584
513 0.7591
514 0.7598
515 0.7605
516 0.7612
517 0.7619
518 0.7626
519 0.7633
520 0.764
521 0.7647
522 0.7654
523 0.7661
524 0.7668
525 0.7675
526 0.7682
527 0.7689
528 0.7696
529 0.7703
530 0.771
531 0.7717
532 0.7724
533 0.7731
534 0.7738
535 0.7745
536 0.7752
537 0.7759
538 0.7766
539 0.7773
540 0.778
541 0.7787
542 0.7794
543 0.7801
544 0.7808
545 0.7815
546 0.7822
547 0.7829
548 0.7836
549 0.7843
550 0.785
551 0.7857
552 0.7864
553 0.7871
554 0.7878
555 0.7885
556 0.7892
557 0.7899
558 0.7906
559 0.7913
560 0.792
561 0.7927
562 0.7934
563 0.7941
564 0.7948
565 0.7955
566 0.7962
567 0.7969
568 0.7976
569 0.7983
570 0.799
571 0.7997
572 0.8004
573 0.8011
574 0.8018
575 0.8025
576 0.8032
577 0.8039
578 0.8046
579 0.8053
580 0.806
581 0.8067
582 0.8074
583 0.8081
584 0.8088
585 0.8095
586 0.8102
587 0.8109
588 0.8116
589 0.8123
590 0.813
591 0.8137
592 0.8144
593 0.8151
594 0.8158
595 0.8165
596 0.8172
597 0.8179
598 0.8186
599 0.8193
600 0.82
601 0.8209
602 0.8218
603 0.8227
604 0.8236
605 0.8245
606 0.8254
607 0.8263
608 0.8272
609 0.8281
610 0.829
611 0.8299
612 0.8308
613 0.8317
614 0.8326
615 0.8335
616 0.8344
617 0.8353
618 0.8362
619 0.8371
620 0.838
621 0.8389
622 0.8398
623 0.8407
624 0.8416
625 0.8425
626 0.8434
627 0.8443
628 0.8452
629 0.8461
630 0.847
631 0.8479
632 0.8488
633 0.8497
634 0.8506
635 0.8515
636 0.8524
637 0.8533
638 0.8542
639 0.8551
640 0.856
641 0.8569
642 0.8578
643 0.8587
644 0.8596
645 0.8605
646 0.8614
647 0.8623
648 0.8632
649 0.8641
650 0.865
651 0.8659
652 0.8668
653 0.8677
654 0.8686
655 0.8695
656 0.8704
657 0.8713
658 0.8722
659 0.8731
660 0.874
661 0.8749
662 0.8758
663 0.8767
664 0.8776
665 0.8785
666 0.8794
667 0.8803
668 0.8812
669 0.8821
670 0.883
671 0.8839
672 0.8848
673 0.8857
674 0.8866
675 0.8875
676 0.8884
677 0.8893
678 0.8902
679 0.8911
680 0.892
681 0.8929
682 0.8938
683 0.8947
684 0.8956
685 0.8965
686 0.8974
687 0.8983
688 0.8992
689 0.9001
690 0.901
691 0.9019
692 0.9028
693 0.9037
694 0.9046
695 0.9055
696 0.9064
697 0.9073
698 0.9082
699 0.9091
700 0.91
701 0.9104
702 0.9108
703 0.9112
704 0.9116
705 0.912
706 0.9124
707 0.9128
708 0.9132
709 0.9136
710 0.914
711 0.9144
712 0.9148
713 0.9152
714 0.9156
715 0.916
716 0.9164
717 0.9168
718 0.9172
719 0.9176
720 0.918
721 0.9184
722 0.9188
723 0.9192
724 0.9196
725 0.92
726 0.9204
727 0.9208
728 0.9212
729 0.9216
730 0.922
731 0.9224
732 0.9228
733 0.9232
734 0.9236
735 0.924
736 0.9244
737 0.9248
738 0.9252
739 0.9256
740 0.926
741 0.9264
742 0.9268
743 0.9272
744 0.9276
745 0.928
746 0.9284
747 0.9288
748 0.9292
749 0.9296
750 0.93
751 0.9304
752 0.9308
753 0.9312
754 0.9316
755 0.932
756 0.9324
757 0.9328
758 0.9332
759 0.9336
760 0.934
761 0.9344
762 0.9348
763 0.9352
764 0.9356
765 0.936
766 0.9364
767 0.9368
768 0.9372
769 0.9376
770 0.938
771 0.9384
772 0.9388
773 0.9392
774 0.9396
775 0.94
776 0.9404
777 0.9408
778 0.9412
779 0.9416
780 0.942
781 0.9424
782 0.9428
783 0.9432
784 0.9436
785 0.944
786 0.9444
787 0.9448
788 0.9452
789 0.9456
790 0.946
791 0.9464
792 0.9468
793 0.9472
794 0.9476
795 0.948
796 0.9484
797 0.9488
798 0.9492
799 0.9496
800 0.95
801 0.9494
802 0.9488
803 0.9482
804 0.9476
805 0.947
806 0.9464
807 0.9458
808 0.9452
809 0.9446
810 0.944
811 0.9434
812 0.9428
813 0.9422
814 0.9416
815 0.941
816 0.9404
817 0.9398
818 0.9392
819 0.9386
820 0.938
821 0.9374
822 0.9368
823 0.9362
824 0.9356
825 0.935
826 0.9344
827 0.9338
828 0.9332
829 0.9326
830 0.932
831 0.9314
832 0.9308
833 0.9302
834 0.9296
835 0.929
836 0.9284
837 0.9278
838 0.9272
839 0.9266
840 0.926
841 0.9254
842 0.9248
843 0.9242
844 0.9236
845 0.923
846 0.9224
847 0.9218
848 0.9212
849 0.9206
850 0.92
851 0.9194
852 0.9188
853 0.9182
854 0.9176
855 0.917
856 0.9164
857 0.9158
858 0.9152
859 0.9146
860 0.914
861 0.9134
862 0.9128
863 0.9122
864 0.9116
865 0.911
866 0.9104
867 0.9098
868 0.9092
869 0.9086
870 0.908
871 0.9074
872 0.9068
873 0.9062
874 0.9056
875 0.905
876 0.9044
877 0.9038
878 0.9032
879 0.9026
880 0.902
881 0.9014
882 0.9008
883 0.9002
884 0.8996
885 0.899
886 0.8984
887 0.8978
888 0.8972
889 0.8966
890 0.896
891 0.8954
892 0.8948
893 0.8942
894 0.8936
895 0.893
896 0.8924
897 0.8918
898 0.8912
899 0.8906
900 0.89
901 0.8841
902 0.8782
903 0.8723
904 0.8664
905 0.8605
906 0.8546
907 0.8487
908 0.8428
909 0.8369
910 0.831
911 0.8251
912 0.8192
913 0.8133
914 0.8074
915 0.8015
916 0.7956
917 0.7897
918 0.7838
919 0.7779
920 0.772
921 0.7661
922 0.7602
923 0.7543
924 0.7484
925 0.7425
926 0.7366
927 0.7307
928 0.7248
929 0.7189
930 0.713
931 0.7071
932 0.7012
933 0.6953
934 0.6894
935 0.6835
936 0.6776
937 0.6717
938 0.6658
939 0.6599
940 0.654
941 0.6481
942 0.6422
943 0.6363
944 0.6304
945 0.6245
946 0.6186
947 0.6127
948 0.6068
949 0.6009
950 0.595
951 0.5891
952 0.5832
953 0.5773
954 0.5714
955 0.5655
956 0.5596
957 0.5537
958 0.5478
959 0.5419
960 0.536
961 0.5301
962 0.5242
963 0.5183
964 0.5124
965 0.5065
966 0.5006
967 0.4947
968 0.4888
969 0.4829
970 0.477
971 0.4711
972 0.4652
973 0.4593
974 0.4534
975 0.4475
976 0.4416
977 0.4357
978 0.4298
979 0.4239
980 0.418
981 0.4121
982 0.4062
983 0.4003
984 0.3944
985 0.3885
986 0.3826
987 0.3767
988 0.3708
989 0.3649
990 0.359
991 0.3531
992 0.3472
993 0.3413
994 0.3354
995 0.3295
996 0.3236
997 0.3177
998 0.3118
999 0.3059
1000 0.3
1001 0.2952
1002 0.2904
1003 0.2856
1004 0.2808
1005 0.276
1006 0.2712
1007 0.2664
1008 0.2616
1009 0.2568
1010 0.252
1011 0.2472
1012 0.2424
1013 0.2376
1014 0.2328
1015 0.228
1016 0.2232
1017 0.2184
1018 0.2136
1019 0.2088
1020 0.204
1021 0.1992
1022 0.1944
1023 0.1896
1024 0.1848
1025 0.175
1026 0.168
1027 0.16
1028 0.155
1029 0.1504
1030 0.148
1031 0.1456
1032 0.1432
1033 0.1408
1034 0.1384
1035 0.136
1036 0.1336
1037 0.1312
1038 0.1288
1039 0.1264
1040 0.124
1041 0.1216
1042 0.1192
1043 0.1168
1044 0.1144
1045 0.112
1046 0.1096
1047 0.1072
1048 0.1048
1049 0.1024
1050 0.1
1051 0.0984
1052 0.0968
1053 0.0952
1054 0.0936
1055 0.092
1056 0.0904
1057 0.0888
1058 0.0872
1059 0.0856
1060 0.084
1061 0.0824
1062 0.0808
1063 0.0792
1064 0.0776
1065 0.076
1066 0.0744
1067 0.0728
1068 0.0712
1069 0.0696
1070 0.068
1071 0.0664
1072 0.0648
1073 0.0632
1074 0.0616
1075 0.06
1076 0.0576
1077 0.0552
1078 0.0538
1079 0.0504
1080 0.048
1081 0.0456
1082 0.0432
1083 0.0408
1084 0.0384
1085 0.036
1086 0.0336
1087 0.0312
1088 0.0288
1089 0.0264
1090 0.024
1091 0.0216
1092 0.0192
1093 0.0168
1094 0.0144
1095 0.012
1096 0.0096
1097 0.0072
1098 0.0047
1099 0.0024
1100 0.0
1101 0.0
1102 0.0
1103 0.0
1104 0.0
1105 0.0
1106 0.0
1107 0.0
1108 0.0
1109 0.0
1110 0.0
1111 0.0
1112 0.0
1113 0.0
1114 0.0
1115 0.0
1116 0.0
1117 0.0
1118 0.0
1119 0.0
1120 0.0
1121 0.0
1122 0.0
1123 0.0
1124 0.0
1125 0.0
1126 0.0
1127 0.0
1128 0.0
1129 0.0
1130 0.0
1131 0.0
1132 0.0
1133 0.0
1134 0.0
1135 0.0
1136 0.0
1137 0.0
1138 0.0
1139 0.0
1140 0.0
1141 0.0
1142 0.0
1143 0.0
1144 0.0
1145 0.0
1146 0.0
1147 0.0
1148 0.0
1149 0.0
1150 0.0
1151 0.0
1152 0.0
1153 0.0
1154 0.0
1155 0.0
1156 0.0
1157 0.0
1158 0.0
1159 0.0
1160 0.0
1161 0.0
1162 0.0
1163 0.0
1164 0.0
1165 0.0
1166 0.0
1167 0.0
1168 0.0
1169 0.0
1170 0.0
1171 0.0
1172 0.0
1173 0.0
1174 0.0
1175 0.0
1176 0.0
1177 0.0
1178 0.0
1179 0.0
1180 0.0
1181 0.0
1182 0.0
1183 0.0
1184 0.0
1185 0.0
1186 0.0
1187 0.0
1188 0.0
1189 0.0
1190 0.0
1191 0.0
1192 0.0
1193 0.0
1194 0.0
1195 0.0
1196 0.0
1197 0.0
1198 0.0
1199 0.0
1200 0.0
