8.031000000001143917e+02 9.090251508987942652e-04
8.032000000001144144e+02 1.818474464554012708e-03
8.033000000001144372e+02 2.704415087782277051e-03
8.034000000001144599e+02 3.590768757049718745e-03
8.035000000001144826e+02 4.501479534357932973e-03
8.036000000001145054e+02 5.411503373757114467e-03
8.037000000001145281e+02 6.297632372127662075e-03
8.038000000001145509e+02 7.183810561208571477e-03
8.039000000001145736e+02 8.093984632706701515e-03
8.040000000001145963e+02 9.004209207852276187e-03
8.041000000001146191e+02 9.890219417737424953e-03
8.042000000001146418e+02 1.077622203244752754e-02
8.043000000001146645e+02 1.168616410520607364e-02
8.044000000001146873e+02 1.259609836907322686e-02
8.045000000001147100e+02 1.348207796717981917e-02
8.046000000001147328e+02 1.437395058931003299e-02
8.047000000001147555e+02 1.529050960207305881e-02
8.048000000001147782e+02 1.620780813888465788e-02
8.049000000001148010e+02 1.712584618570679035e-02
8.050000000001148237e+02 1.804462372843736867e-02
8.051000000001148464e+02 1.893959421069257160e-02
8.052000000001148692e+02 1.983523348764122674e-02
8.053000000001148919e+02 2.075556412976976850e-02
8.054000000001149147e+02 2.167658150651258220e-02
8.055000000001149374e+02 2.257424481349044193e-02
8.056000000001149601e+02 2.346298031023665714e-02
8.057000000001149829e+02 2.437569644870266755e-02
8.058000000001150056e+02 2.528835249821476810e-02
8.059000000001150283e+02 2.617691089001597873e-02
8.060000000001150511e+02 2.706541077106546303e-02
8.061000000001150738e+02 2.797752396979973424e-02
8.062000000001150966e+02 2.888955332265057477e-02
8.063000000001151193e+02 2.980149883062553628e-02
8.064000000001151420e+02 3.071336049470774210e-02
8.065000000001151648e+02 3.160110705578318691e-02
8.066000000001151875e+02 3.248877198160458196e-02
8.067000000001152102e+02 3.340038432661381063e-02
8.068000000001152330e+02 3.431191283167923239e-02
8.069000000001152557e+02 3.519933065098269226e-02
8.070000000001152785e+02 3.608666683895939836e-02
8.071000000001153012e+02 3.699925568706546875e-02
8.072000000001153239e+02 3.791182527817921893e-02
8.073000000001153467e+02 3.880035062451978045e-02
8.074000000001153694e+02 3.968885721413863144e-02
8.075000000001153921e+02 4.060136952313078001e-02
8.076000000001154149e+02 4.151386256382726819e-02
8.077000000001154376e+02 4.240231236043092572e-02
8.078000000001154604e+02 4.329074338913267705e-02
8.079000000001154831e+02 4.420317911410655276e-02
8.080000000001155058e+02 4.511559556054432069e-02
8.081000000001155286e+02 4.690481344422878923e-02
8.082000000001155513e+02 4.869307067729040928e-02
8.083000000001155740e+02 5.048036739167190839e-02
8.084000000001155968e+02 5.226670371942675891e-02
8.085000000001156195e+02 5.405207979251182987e-02
8.086000000001156423e+02 5.583649574288822304e-02
8.087000000001156650e+02 5.761995170270240579e-02
8.088000000001156877e+02 5.940244780396293500e-02
8.089000000001157105e+02 6.120794970321267320e-02
8.090000000001157332e+02 6.301247919392807817e-02
8.091000000001157559e+02 6.479806405075526354e-02
8.092000000001157787e+02 6.658301854730779012e-02
8.093000000001158014e+02 6.836734260048528411e-02
8.094000000001158242e+02 7.015103612726940330e-02
8.095000000001158469e+02 7.193409904475238370e-02
8.096000000001158696e+02 7.373165571203235680e-02
8.097000000001158924e+02 7.552931910688835682e-02
8.098000000001159151e+02 7.732708921208428232e-02
8.099000000001159378e+02 7.912496601030780119e-02
8.100000000001159606e+02 8.092294948433151336e-02
8.101000000001159833e+02 8.271872900794448313e-02
8.102000000001160060e+02 8.451451496814693654e-02
8.103000000001160288e+02 8.631030735473065041e-02
8.104000000001160515e+02 8.810610615760680608e-02
8.105000000001160743e+02 8.992585328684750412e-02
8.106000000001160970e+02 9.170796767626249180e-02
8.107000000001161197e+02 9.346467303903595314e-02
8.108000000001161425e+02 9.521991127774770414e-02
8.109000000001161652e+02 9.697368237436103378e-02
8.110000000001161879e+02 9.872598631072958264e-02
8.111000000001162107e+02 1.004569404247182551e-01
8.112000000001162334e+02 1.021857174114533529e-01
8.113000000001162562e+02 1.039123171994467409e-01
8.114000000001162789e+02 1.056367397173358647e-01
8.115000000001163016e+02 1.073589848940350866e-01
8.116000000001163244e+02 1.091015571044996607e-01
8.117000000001163471e+02 1.108426889919411074e-01
8.118000000001163698e+02 1.125823805060674615e-01
8.119000000001163926e+02 1.143206315965993314e-01
8.120000000001164153e+02 1.160574422133310857e-01
8.121000000001164381e+02 1.178442114776209471e-01
8.122000000001164608e+02 1.196303673862733896e-01
8.123000000001164835e+02 1.213921493980916616e-01
8.124000000001165063e+02 1.231533259222918342e-01
8.125000000001165290e+02 1.249138968706239861e-01
8.126000000001165517e+02 1.264904287596846644e-01
8.127000000001165745e+02 1.280611825606292331e-01
8.128000000001165972e+02 1.296261576071531529e-01
8.129000000001166200e+02 1.311853532327180438e-01
8.130000000001166427e+02 1.327387687705766928e-01
8.131000000001166654e+02 1.340753340515060121e-01
8.132000000001166882e+02 1.354006511874775165e-01
8.133000000001167109e+02 1.367147225816039702e-01
8.134000000001167336e+02 1.380175506370357463e-01
8.135000000001167564e+02 1.393091377572796830e-01
8.136000000001167791e+02 1.408584141606479823e-01
8.137000000001168019e+02 1.424030454486955033e-01
8.138000000001168246e+02 1.439430325876649708e-01
8.139000000001168473e+02 1.455014354083978556e-01
8.140000000001168701e+02 1.470551337592739538e-01
8.141000000001168928e+02 1.486931785754493640e-01
8.142000000001169155e+02 1.503291481903119009e-01
8.143000000001169383e+02 1.519630423242896988e-01
8.144000000001169610e+02 1.535948606976578479e-01
8.145000000001169838e+02 1.552246030306014268e-01
8.146000000001170065e+02 1.566172592236361738e-01
8.147000000001170292e+02 1.580026624819671210e-01
8.148000000001170520e+02 1.593808118894077253e-01
8.149000000001170747e+02 1.607517065289504332e-01
8.150000000001170974e+02 1.621153454844657671e-01
8.151000000001171202e+02 1.634174428121452638e-01
8.152000000001171429e+02 1.647112418314449767e-01
8.153000000001171657e+02 1.659967443533492959e-01
8.154000000001171884e+02 1.672739521882249947e-01
8.155000000001172111e+02 1.685653066183155635e-01
8.156000000001172339e+02 1.698855142316002542e-01
8.157000000001172566e+02 1.711757240212043729e-01
8.158000000001172793e+02 1.724583771046836467e-01
8.159000000001173021e+02 1.737334751286770396e-01
8.160000000001173248e+02 1.750010197401541401e-01
8.161000000001173476e+02 1.764360076113382914e-01
8.162000000001173703e+02 1.778666674113270063e-01
8.163000000001173930e+02 1.792929987093663247e-01
8.164000000001174158e+02 1.807150010747842483e-01
8.165000000001174385e+02 1.821326740785715881e-01
8.166000000001174612e+02 1.843646881931589043e-01
8.167000000001174840e+02 1.866071520231946668e-01
8.168000000001175067e+02 1.888600665242402277e-01
8.169000000001175295e+02 1.911234326520975801e-01
8.170000000001175522e+02 1.933972513610650035e-01
8.171000000001175749e+02 1.951034595669930982e-01
8.172000000001175977e+02 1.968097482441342472e-01
8.173000000001176204e+02 1.984937266635119213e-01
8.174000000001176431e+02 2.001777844709534404e-01
8.175000000001176659e+02 2.018619216552334228e-01
8.176000000001176886e+02 2.027426666125221322e-01
8.177000000001177114e+02 2.036101938561366287e-01
8.178000000001177341e+02 2.044645024375198461e-01
8.179000000001177568e+02 2.053055914071105770e-01
8.180000000001177796e+02 2.061334598198198143e-01
8.181000000001178023e+02 2.084173530825970677e-01
8.182000000001178250e+02 2.107112650307688961e-01
8.183000000001178478e+02 2.130151936909611687e-01
8.184000000001178705e+02 2.153291370900561053e-01
8.185000000001178933e+02 2.176530932545425734e-01
8.186000000001179160e+02 2.198421411999255393e-01
8.187000000001179387e+02 2.220390074826286420e-01
8.188000000001179615e+02 2.242436905525773128e-01
8.189000000001179842e+02 2.264786882328463369e-01
8.190000000001180069e+02 2.287216046992070206e-01
8.191000000001180297e+02 2.304617328444878432e-01
8.192000000001180524e+02 2.322025756317473710e-01
8.193000000001180751e+02 2.339441330428756183e-01
8.194000000001180979e+02 2.356864050592395454e-01
8.195000000001181206e+02 2.374293916624039547e-01
8.196000000001181434e+02 2.391211099840656884e-01
8.197000000001181661e+02 2.408128073349903309e-01
8.198000000001181888e+02 2.425044837106014040e-01
8.199000000001182116e+02 2.441961391060560038e-01
8.200000000001182343e+02 2.458877735196931258e-01
8.201000000001182570e+02 2.488771446147227118e-01
8.202000000001182798e+02 2.518842916235621288e-01
8.203000000001183025e+02 2.549092154916223762e-01
8.204000000001183253e+02 2.579519171638712249e-01
8.205000000001183480e+02 2.610355636797953571e-01
8.206000000001183707e+02 2.638031573166929045e-01
8.207000000001183935e+02 2.665609359716690219e-01
8.208000000001184162e+02 2.693320664456181346e-01
8.209000000001184389e+02 2.721165494444317545e-01
8.210000000001184617e+02 2.749143856713157086e-01
8.211000000001184844e+02 2.765581543536741460e-01
8.212000000001185072e+02 2.782003071946575479e-01
8.213000000001185299e+02 2.798408443751924102e-01
8.214000000001185526e+02 2.814797660762223819e-01
8.215000000001185754e+02 2.831170724777734016e-01
8.216000000001185981e+02 2.842186297756460478e-01
8.217000000001186208e+02 2.853119937575027687e-01
8.218000000001186436e+02 2.863971654658043486e-01
8.219000000001186663e+02 2.874741459424930423e-01
8.220000000001186891e+02 2.885429362259981922e-01
8.221000000001187118e+02 2.878817989403597566e-01
8.222000000001187345e+02 2.871907461484290991e-01
8.223000000001187573e+02 2.864470765643463701e-01
8.224000000001187800e+02 2.856738709919339203e-01
8.225000000001188027e+02 2.848711242827614565e-01
8.226000000001188255e+02 2.832191853904262868e-01
8.227000000001188482e+02 2.815280279490874893e-01
8.228000000001188710e+02 2.797976451558184530e-01
8.229000000001188937e+02 2.780280302085605948e-01
8.230000000001189164e+02 2.762191763188715510e-01
8.231000000001189392e+02 2.792693851554896023e-01
8.232000000001189619e+02 2.823361225697573196e-01
8.233000000001189846e+02 2.854193852036368551e-01
8.234000000001190074e+02 2.885191696984702459e-01
8.235000000001190301e+02 2.916354727003482306e-01
8.236000000001190529e+02 2.967031664501874055e-01
8.237000000001190756e+02 3.018084611233033399e-01
8.238000000001190983e+02 3.069513491241572800e-01
8.239000000001191211e+02 3.121544067381651910e-01
8.240000000001191438e+02 3.173955497172371021e-01
8.241000000001191665e+02 3.204808014629640378e-01
8.242000000001191893e+02 3.235807981013225088e-01
8.243000000001192120e+02 3.266955398164156921e-01
8.244000000001192348e+02 3.298250267933252045e-01
8.245000000001192575e+02 3.329692592132826867e-01
8.246000000001192802e+02 3.350723370445094496e-01
8.247000000001193030e+02 3.371791125762814145e-01
8.248000000001193257e+02 3.392895858511035811e-01
8.249000000001193484e+02 3.414037569114629078e-01
8.250000000001193712e+02 3.435216257975129972e-01
8.251000000001193939e+02 3.449383406000852692e-01
8.252000000001194167e+02 3.463515283749556417e-01
8.253000000001194394e+02 3.477611885023532690e-01
8.254000000001194621e+02 3.491673203629763189e-01
8.255000000001194849e+02 3.505932588834171915e-01
8.256000000001195076e+02 3.520156213889358843e-01
8.257000000001195303e+02 3.534111182163562348e-01
8.258000000001195531e+02 3.548030842924775885e-01
8.259000000001195758e+02 3.561915189982907681e-01
8.260000000001195986e+02 3.575764217175234072e-01
8.261000000001196213e+02 3.602130030482548761e-01
8.262000000001196440e+02 3.628581773305596392e-01
8.263000000001196668e+02 3.655119433540426344e-01
8.264000000001196895e+02 3.681742999083086332e-01
8.265000000001197122e+02 3.708452457814287451e-01
8.266000000001197350e+02 3.729024977502244931e-01
8.267000000001197577e+02 3.749625046357502600e-01
8.268000000001197805e+02 3.770252660341691375e-01
8.269000000001198032e+02 3.790907815424519045e-01
8.270000000001198259e+02 3.811590507520673521e-01
8.271000000001198487e+02 3.810062408435146430e-01
8.272000000001198714e+02 3.808355570037499360e-01
8.273000000001198941e+02 3.806237629057761529e-01
8.274000000001199169e+02 3.803943447333492101e-01
8.275000000001199396e+02 3.801473074557631948e-01
8.276000000001199624e+02 3.806968066060954503e-01
8.277000000001199851e+02 3.812358990839018191e-01
8.278000000001200078e+02 3.817645877893695583e-01
8.279000000001200306e+02 3.822828756213713652e-01
8.280000000001200533e+02 3.827907654836445461e-01
8.281000000001200760e+02 3.852647905577181731e-01
8.282000000001200988e+02 3.877457672707134706e-01
8.283000000001201215e+02 3.902336969253531462e-01
8.284000000001201443e+02 3.927285808248956456e-01
8.285000000001201670e+02 3.952304202700577251e-01
8.286000000001201897e+02 3.969733515801248114e-01
8.287000000001202125e+02 3.985106018500130798e-01
8.288000000001202352e+02 4.000480559636873101e-01
8.289000000001202579e+02 4.009450073340332099e-01
8.290000000001202807e+02 4.018420746596120252e-01
8.291000000001203034e+02 4.029779579217170893e-01
8.292000000001203261e+02 4.041149645582191585e-01
8.293000000001203489e+02 4.052760272239321893e-01
8.294000000001203716e+02 4.064382449517762730e-01
8.295000000001203944e+02 4.075786510937892682e-01
8.296000000001204171e+02 4.092431727733510938e-01
8.297000000001204398e+02 4.109339028428556362e-01
8.298000000001204626e+02 4.126278737343590519e-01
8.299000000001204853e+02 4.143019347005014175e-01
8.300000000001205080e+02 4.159791419471622897e-01
8.301000000001205308e+02 4.170729087569564064e-01
8.302000000001205535e+02 4.181675983309991462e-01
8.303000000001205763e+02 4.192632108186563067e-01
8.304000000001205990e+02 4.203597463687447355e-01
8.305000000001206217e+02 4.214339510374655040e-01
8.306000000001206445e+02 4.231320938406737397e-01
8.307000000001206672e+02 4.248571301412082390e-01
8.308000000001206899e+02 4.265858066459924380e-01
8.309000000001207127e+02 4.282946854936691139e-01
8.310000000001207354e+02 4.300071138246937541e-01
8.311000000001207582e+02 4.307691869348193037e-01
8.312000000001207809e+02 4.315307385749231894e-01
8.313000000001208036e+02 4.322683053455691482e-01
8.314000000001208264e+02 4.330053650764679740e-01
8.315000000001208491e+02 4.337653671873938910e-01
8.316000000001208718e+02 4.335257317846579750e-01
8.317000000001208946e+02 4.332583394476503535e-01
8.318000000001209173e+02 4.329866407098623138e-01
8.319000000001209401e+02 4.327338421694061354e-01
8.320000000001209628e+02 4.324766177645277820e-01
8.321000000001209855e+02 4.340587208655315443e-01
8.322000000001210083e+02 4.356435708312516586e-01
8.323000000001210310e+02 4.365567146941574661e-01
8.324000000001210537e+02 4.374704286832091227e-01
8.325000000001210765e+02 4.381747247628868247e-01
8.326000000001210992e+02 4.391547667107681963e-01
8.327000000001211220e+02 4.401346639925712290e-01
8.328000000001211447e+02 4.411144166112833664e-01
8.329000000001211674e+02 4.420940245698906645e-01
8.330000000001211902e+02 4.430734878675998134e-01
8.331000000001212129e+02 4.428885904424740283e-01
8.332000000001212356e+02 4.427036908866604503e-01
8.333000000001212584e+02 4.425187892029616710e-01
8.334000000001212811e+02 4.423338853965522177e-01
8.335000000001213039e+02 4.421489794710445898e-01
8.336000000001213266e+02 4.422403864804608786e-01
8.337000000001213493e+02 4.423321420674353188e-01
8.338000000001213721e+02 4.424240644485207818e-01
8.339000000001213948e+02 4.425159851741005124e-01
8.340000000001214175e+02 4.426077491447547030e-01
8.341000000001214403e+02 4.433068088799340667e-01
8.342000000001214630e+02 4.440053242129785582e-01
8.343000000001214858e+02 4.447031779622115377e-01
8.344000000001215085e+02 4.454002657964538647e-01
8.345000000001215312e+02 4.460964963419934426e-01
8.346000000001215540e+02 4.463324125245951013e-01
8.347000000001215767e+02 4.465674115592490057e-01
8.348000000001215994e+02 4.468014444176439670e-01
8.349000000001216222e+02 4.470344755968520545e-01
8.350000000001216449e+02 4.472664831561317111e-01
8.351000000001216677e+02 4.470512918154644910e-01
8.352000000001216904e+02 4.468351539916946558e-01
8.353000000001217131e+02 4.466180914925039214e-01
8.354000000001217359e+02 4.464001396943717559e-01
8.355000000001217586e+02 4.461813475073605484e-01
8.356000000001217813e+02 4.461453762629041808e-01
8.357000000001218041e+02 4.461086727124800033e-01
8.358000000001218268e+02 4.460713253758052388e-01
8.359000000001218496e+02 4.460334363406697755e-01
8.360000000001218723e+02 4.459951212581653723e-01
8.361000000001218950e+02 4.461223648847371104e-01
8.362000000001219178e+02 4.462494117976966712e-01
8.363000000001219405e+02 4.463764183083516190e-01
8.364000000001219632e+02 4.465035545191781696e-01
8.365000000001219860e+02 4.466310043458968648e-01
8.366000000001220087e+02 4.467591498720823173e-01
8.367000000001220315e+02 4.468873729426787733e-01
8.368000000001220542e+02 4.470156123380624735e-01
8.369000000001220769e+02 4.471438113106880330e-01
8.370000000001220997e+02 4.472719175918001833e-01
8.371000000001221224e+02 4.473444726299357077e-01
8.372000000001221451e+02 4.474168742421848477e-01
8.373000000001221679e+02 4.474890836950657369e-01
8.374000000001221906e+02 4.475610667792226938e-01
8.375000000001222134e+02 4.476327938089696978e-01
8.376000000001222361e+02 4.476126096009307442e-01
8.377000000001222588e+02 4.475921319348177829e-01
8.378000000001222816e+02 4.475713449233317265e-01
8.379000000001223043e+02 4.475502372299800524e-01
8.380000000001223270e+02 4.475288020702704594e-01
8.381000000001223498e+02 4.476336798985957044e-01
8.382000000001223725e+02 4.477381774624030752e-01
8.383000000001223952e+02 4.478423013648274442e-01
8.384000000001224180e+02 4.479460627714449972e-01
8.385000000001224407e+02 4.480494774122520396e-01
8.386000000001224635e+02 4.480608649640114849e-01
8.387000000001224862e+02 4.480718648162546058e-01
8.388000000001225089e+02 4.480825680274137524e-01
8.389000000001225317e+02 4.480930656694585013e-01
8.390000000001225544e+02 4.481034488270889682e-01
8.391000000001225771e+02 4.480654452967077206e-01
8.392000000001225999e+02 4.480275334273150500e-01
8.393000000001226226e+02 4.479898042816045090e-01
8.394000000001226454e+02 4.479523488946802190e-01
8.395000000001226681e+02 4.479152582781770198e-01
8.396000000001226908e+02 4.479700272182050025e-01
8.397000000001227136e+02 4.480250726081265178e-01
8.398000000001227363e+02 4.480804105046263253e-01
8.399000000001227590e+02 4.481360524180038607e-01
8.400000000001227818e+02 4.481920053089910594e-01
8.401000000001228045e+02 4.480458448492719570e-01
8.402000000001228273e+02 4.479000359064146397e-01
8.403000000001228500e+02 4.477545713405854944e-01
8.404000000001228727e+02 4.476094394714624780e-01
8.405000000001228955e+02 4.474646240816467779e-01
8.406000000001229182e+02 4.473201044279104810e-01
8.407000000001229409e+02 4.471758552685968779e-01
8.408000000001229637e+02 4.470318468296627934e-01
8.409000000001229864e+02 4.468880448318445775e-01
8.410000000001230092e+02 4.467444104941882266e-01
8.411000000001230319e+02 4.467867458468522401e-01
8.412000000001230546e+02 4.468291158656790274e-01
8.413000000001230774e+02 4.468714683179835778e-01
8.414000000001231001e+02 4.469137464057839071e-01
8.415000000001231228e+02 4.469558887620462828e-01
8.416000000001231456e+02 4.469978296535884743e-01
8.417000000001231683e+02 4.470397534966976671e-01
8.418000000001231911e+02 4.470816602249048644e-01
8.419000000001232138e+02 4.471235497774837531e-01
8.420000000001232365e+02 4.471654220990904371e-01
8.421000000001232593e+02 4.472592812135894880e-01
8.422000000001232820e+02 4.473531332216092449e-01
8.423000000001233047e+02 4.474469780756039627e-01
8.424000000001233275e+02 4.475408157348792493e-01
8.425000000001233502e+02 4.476346461595513970e-01
8.426000000001233730e+02 4.476373006199391158e-01
8.427000000001233957e+02 4.476399465701930702e-01
8.428000000001234184e+02 4.476425840539003387e-01
8.429000000001234412e+02 4.476452131146582691e-01
8.430000000001234639e+02 4.476478337956665277e-01
8.431000000001234866e+02 4.475222297368601221e-01
8.432000000001235094e+02 4.473966386211231105e-01
8.433000000001235321e+02 4.472710604973404447e-01
8.434000000001235549e+02 4.471454954145430705e-01
8.435000000001235776e+02 4.470199434251811432e-01
8.436000000001236003e+02 4.470755544444504070e-01
8.437000000001236231e+02 4.471304384144538235e-01
8.438000000001236458e+02 4.471849633751382447e-01
8.439000000001236685e+02 4.472394702849452619e-01
8.440000000001236913e+02 4.472942729988064192e-01
8.441000000001237140e+02 4.472299673112726248e-01
8.442000000001237368e+02 4.471665241816661363e-01
8.443000000001237595e+02 4.471041751822933397e-01
8.444000000001237822e+02 4.470431244972059015e-01
8.445000000001238050e+02 4.469835489434129672e-01
8.446000000001238277e+02 4.470166212925061888e-01
8.447000000001238504e+02 4.470514169997505949e-01
8.448000000001238732e+02 4.470880320094240412e-01
8.449000000001238959e+02 4.471265350198263544e-01
8.450000000001239187e+02 4.471669674779085168e-01
8.451000000001239414e+02 4.472033796902480374e-01
8.452000000001239641e+02 4.472417202703976580e-01
8.453000000001239869e+02 4.472819487581474185e-01
8.454000000001240096e+02 4.473239973931410485e-01
8.455000000001240323e+02 4.473677711027942983e-01
8.456000000001240551e+02 4.473222285742235460e-01
8.457000000001240778e+02 4.472781573738585092e-01
8.458000000001241006e+02 4.472353796208461962e-01
8.459000000001241233e+02 4.471936902356721810e-01
8.460000000001241460e+02 4.471528569515231810e-01
8.461000000001241688e+02 4.470451744844099462e-01
8.462000000001241915e+02 4.469378073168864818e-01
8.463000000001242142e+02 4.468304416949946400e-01
8.464000000001242370e+02 4.467227369326686182e-01
8.465000000001242597e+02 4.466143254469546742e-01
8.466000000001242825e+02 4.466865404361015091e-01
8.467000000001243052e+02 4.467587453920544571e-01
8.468000000001243279e+02 4.468309402629203619e-01
8.469000000001243507e+02 4.469031249986135101e-01
8.470000000001243734e+02 4.469752995500646531e-01
8.471000000001243961e+02 4.469730281792895221e-01
8.472000000001244189e+02 4.469707513725453829e-01
8.473000000001244416e+02 4.469684690862041898e-01
8.474000000001244643e+02 4.469661812782756982e-01
8.475000000001244871e+02 4.469638879043194568e-01
8.476000000001245098e+02 4.468707430695667004e-01
8.477000000001245326e+02 4.467775937950060894e-01
8.478000000001245553e+02 4.466844401172794798e-01
8.479000000001245780e+02 4.465912820772371949e-01
8.480000000001246008e+02 4.464981197203362062e-01
8.481000000001246235e+02 4.464956757557440037e-01
8.482000000001246462e+02 4.464932265287936408e-01
8.483000000001246690e+02 4.464907720964775839e-01
8.484000000001246917e+02 4.464883125215877158e-01
8.485000000001247145e+02 4.464858478717378953e-01
8.486000000001247372e+02 4.464844837449448711e-01
8.487000000001247599e+02 4.464838250656525398e-01
8.488000000001247827e+02 4.464835042136106047e-01
8.489000000001248054e+02 4.464831808174705152e-01
8.490000000001248281e+02 4.464825417511895100e-01
8.491000000001248509e+02 4.464291639046306104e-01
8.492000000001248736e+02 4.463749319065394849e-01
8.493000000001248964e+02 4.463196147466618746e-01
8.494000000001249191e+02 4.462630087567243109e-01
8.495000000001249418e+02 4.462049375953675012e-01
8.496000000001249646e+02 4.461452522337770454e-01
8.497000000001249873e+02 4.460838309403612478e-01
8.498000000001250100e+02 4.460205792647244927e-01
8.499000000001250328e+02 4.459554300217031808e-01
8.500000000001250555e+02 4.458883432707673178e-01
8.501000000001250783e+02 4.459137969128845191e-01
8.502000000001251010e+02 4.459373016923140476e-01
8.503000000001251237e+02 4.459588980798556701e-01
8.504000000001251465e+02 4.459786537675886064e-01
8.505000000001251692e+02 4.459966636740537727e-01
8.506000000001251919e+02 4.460130499488885181e-01
8.507000000001252147e+02 4.460279619756430391e-01
8.508000000001252374e+02 4.460415763734183470e-01
8.509000000001252602e+02 4.460540970003500361e-01
8.510000000001252829e+02 4.460657549553187495e-01
8.511000000001253056e+02 4.459777476432567611e-01
8.512000000001253284e+02 4.458894212083487352e-01
8.513000000001253511e+02 4.458010884881723479e-01
8.514000000001253738e+02 4.457130892685107204e-01
8.515000000001253966e+02 4.456257902609624399e-01
8.516000000001254193e+02 4.457211047706193252e-01
8.517000000001254421e+02 4.458164133292770170e-01
8.518000000001254648e+02 4.459117158638198353e-01
8.519000000001254875e+02 4.460070123063579195e-01
8.520000000001255103e+02 4.461023025937150277e-01
8.521000000001255330e+02 4.461242199729120173e-01
8.522000000001255557e+02 4.461461289897272753e-01
8.523000000001255785e+02 4.461680296007663471e-01
8.524000000001256012e+02 4.461899217666782103e-01
8.525000000001256240e+02 4.462118054529208844e-01
8.526000000001256467e+02 4.463244705925399347e-01
8.527000000001256694e+02 4.464371359571763787e-01
8.528000000001256922e+02 4.465498015839878265e-01
8.529000000001257149e+02 4.466624675078369466e-01
8.530000000001257376e+02 4.467751337646120313e-01
8.531000000001257604e+02 4.467405902135621609e-01
8.532000000001257831e+02 4.467060391574891320e-01
8.533000000001258059e+02 4.466714806449227915e-01
8.534000000001258286e+02 4.466369147255178085e-01
8.535000000001258513e+02 4.466023414520440271e-01
8.536000000001258741e+02 4.464758893225033720e-01
8.537000000001258968e+02 4.463487339659444331e-01
8.538000000001259195e+02 4.462212435038381830e-01
8.539000000001259423e+02 4.460937584462087435e-01
8.540000000001259650e+02 4.459665917256191436e-01
8.541000000001259878e+02 4.459771885053701590e-01
8.542000000001260105e+02 4.459886303738861968e-01
8.543000000001260332e+02 4.460011487604750302e-01
8.544000000001260560e+02 4.460149479245019699e-01
8.545000000001260787e+02 4.460302049523028334e-01
8.546000000001261014e+02 4.461378217159011061e-01
8.547000000001261242e+02 4.462471760647902519e-01
8.548000000001261469e+02 4.463583646488812895e-01
8.549000000001261697e+02 4.464714569781197961e-01
8.550000000001261924e+02 4.465864953915081315e-01
8.551000000001262151e+02 4.466458418590432133e-01
8.552000000001262379e+02 4.467071282178897151e-01
8.553000000001262606e+02 4.467703143487012918e-01
8.554000000001262833e+02 4.468353328551484815e-01
8.555000000001263061e+02 4.469020890411776192e-01
8.556000000001263288e+02 4.469704611311065001e-01
8.557000000001263516e+02 4.470403000105396818e-01
8.558000000001263743e+02 4.471114289659745555e-01
8.559000000001263970e+02 4.471836439059642121e-01
8.560000000001264198e+02 4.472567133381755711e-01
8.561000000001264425e+02 4.472183944139382916e-01
8.562000000001264652e+02 4.471803759802546185e-01
8.563000000001264880e+02 4.471423442071147947e-01
8.564000000001265107e+02 4.471039581173523736e-01
8.565000000001265335e+02 4.470648495968718716e-01
8.566000000001265562e+02 4.470246234115714534e-01
8.567000000001265789e+02 4.469843868183991931e-01
8.568000000001266017e+02 4.469441397671315985e-01
8.569000000001266244e+02 4.469038822103430508e-01
8.570000000001266471e+02 4.468636141032358844e-01
8.571000000001266699e+02 4.468743447010765646e-01
8.572000000001266926e+02 4.468850656952564893e-01
8.573000000001267153e+02 4.468957770410010299e-01
8.574000000001267381e+02 4.469064786932923639e-01
8.575000000001267608e+02 4.469171706076984774e-01
8.576000000001267836e+02 4.470186917324016629e-01
8.577000000001268063e+02 4.471202076432918560e-01
8.578000000001268290e+02 4.472217183658485640e-01
8.579000000001268518e+02 4.473232239302921687e-01
8.580000000001268745e+02 4.474247243712854427e-01
8.581000000001268972e+02 4.474289478904454054e-01
8.582000000001269200e+02 4.474331614609776686e-01
8.583000000001269427e+02 4.474373651392473117e-01
8.584000000001269655e+02 4.474415589860273879e-01
8.585000000001269882e+02 4.474457430683335124e-01
8.586000000001270109e+02 4.474510253763522294e-01
8.587000000001270337e+02 4.474570100215466417e-01
8.588000000001270564e+02 4.474633286073697591e-01
8.589000000001270791e+02 4.474696400249471573e-01
8.590000000001271019e+02 4.474756304497632398e-01
8.591000000001271246e+02 4.475077245445373553e-01
8.592000000001271474e+02 4.475389527469705309e-01
8.593000000001271701e+02 4.475690829040269159e-01
8.594000000001271928e+02 4.475979101090851175e-01
8.595000000001272156e+02 4.476252567139271665e-01
8.596000000001272383e+02 4.476509723390793005e-01
8.597000000001272610e+02 4.476749338850615212e-01
8.598000000001272838e+02 4.476970455429233331e-01
8.599000000001273065e+02 4.477172388020205229e-01
8.600000000001273293e+02 4.477354724599937330e-01
8.601000000001273520e+02 4.477064830264200213e-01
8.602000000001273747e+02 4.476755339616047547e-01
8.603000000001273975e+02 4.476426666038036961e-01
8.604000000001274202e+02 4.476079495930544994e-01
8.605000000001274429e+02 4.475714788573950664e-01
8.606000000001274657e+02 4.475333776027419219e-01
8.607000000001274884e+02 4.474937962976661687e-01
8.608000000001275112e+02 4.474529126612099006e-01
8.609000000001275339e+02 4.474109316473920961e-01
8.610000000001275566e+02 4.473680854299739718e-01
8.611000000001275794e+02 4.473514592151547342e-01
8.612000000001276021e+02 4.473345113423389807e-01
8.613000000001276248e+02 4.473175555573422058e-01
8.614000000001276476e+02 4.473009328531799556e-01
8.615000000001276703e+02 4.472850114678226796e-01
8.616000000001276931e+02 4.472701870851784611e-01
8.617000000001277158e+02 4.472553520845205521e-01
8.618000000001277385e+02 4.472405063980655071e-01
8.619000000001277613e+02 4.472256499614648551e-01
8.620000000001277840e+02 4.472107827172291383e-01
8.621000000001278067e+02 4.472775863687520892e-01
8.622000000001278295e+02 4.473443701019561014e-01
8.623000000001278522e+02 4.474111338681117656e-01
8.624000000001278750e+02 4.474778776234659139e-01
8.625000000001278977e+02 4.475446013283733149e-01
8.626000000001279204e+02 4.475205297876879151e-01
8.627000000001279432e+02 4.474964477647018213e-01
8.628000000001279659e+02 4.474723553021084932e-01
8.629000000001279886e+02 4.474482524430662411e-01
8.630000000001280114e+02 4.474241392309986631e-01
8.631000000001280341e+02 4.474342972365702997e-01
8.632000000001280569e+02 4.474444404279895315e-01
8.633000000001280796e+02 4.474545688499466101e-01
8.634000000001281023e+02 4.474646825473452827e-01
8.635000000001281251e+02 4.474747815697435738e-01
8.636000000001281478e+02 4.474837577179659465e-01
8.637000000001281705e+02 4.474920067581227290e-01
8.638000000001281933e+02 4.474998972097898320e-01
8.639000000001282160e+02 4.475077703396402873e-01
8.640000000001282388e+02 4.475159401570621420e-01
8.641000000001282615e+02 4.475047143815980566e-01
8.642000000001282842e+02 4.474943332535789575e-01
8.643000000001283070e+02 4.474850288462461356e-01
8.644000000001283297e+02 4.474770059293561864e-01
8.645000000001283524e+02 4.474704419712176584e-01
8.646000000001283752e+02 4.474654869020494030e-01
8.647000000001283979e+02 4.474622633524187876e-01
8.648000000001284207e+02 4.474608668966685854e-01
8.649000000001284434e+02 4.474613658118166692e-01
8.650000000001284661e+02 4.474638010809348088e-01
8.651000000001284889e+02 4.474415200878267274e-01
8.652000000001285116e+02 4.474211769143586204e-01
8.653000000001285343e+02 4.474027303218923168e-01
8.654000000001285571e+02 4.473861117867530823e-01
8.655000000001285798e+02 4.473712255098797330e-01
8.656000000001286026e+02 4.473579486587686005e-01
8.657000000001286253e+02 4.473461311301134002e-01
8.658000000001286480e+02 4.473355953207738267e-01
8.659000000001286708e+02 4.473261363671474089e-01
8.660000000001286935e+02 4.473175221524710587e-01
8.661000000001287162e+02 4.473243236012599544e-01
8.662000000001287390e+02 4.473314223642372855e-01
8.663000000001287617e+02 4.473385045644354685e-01
8.664000000001287844e+02 4.473452290345182325e-01
8.665000000001288072e+02 4.473512273156292074e-01
8.666000000001288299e+02 4.473561036601280128e-01
8.667000000001288527e+02 4.473609659175888376e-01
8.668000000001288754e+02 4.473658140328623523e-01
8.669000000001288981e+02 4.473706479535748404e-01
8.670000000001289209e+02 4.473754676298430377e-01
8.671000000001289436e+02 4.473370395499632335e-01
8.672000000001289663e+02 4.472985989296029419e-01
8.673000000001289891e+02 4.472601457268413627e-01
8.674000000001290118e+02 4.472216798990685804e-01
8.675000000001290346e+02 4.471832014041618453e-01
8.676000000001290573e+02 4.471447101982997108e-01
8.677000000001290800e+02 4.471062065161114374e-01
8.678000000001291028e+02 4.470676903915385414e-01
8.679000000001291255e+02 4.470291618627536545e-01
8.680000000001291482e+02 4.469906209720417856e-01
8.681000000001291710e+02 4.470022021769665121e-01
8.682000000001291937e+02 4.470137672650860705e-01
8.683000000001292165e+02 4.470253162892073862e-01
8.684000000001292392e+02 4.470368493074811655e-01
8.685000000001292619e+02 4.470483663824281750e-01
8.686000000001292847e+02 4.470620814899399775e-01
8.687000000001293074e+02 4.470772038472701215e-01
8.688000000001293301e+02 4.470929973540679891e-01
8.689000000001293529e+02 4.471087803831207408e-01
8.690000000001293756e+02 4.471239257818106494e-01
8.691000000001293984e+02 4.470815040448664623e-01
8.692000000001294211e+02 4.470373566731460913e-01
8.693000000001294438e+02 4.469910208383703898e-01
8.694000000001294666e+02 4.469420884492509294e-01
8.695000000001294893e+02 4.468902061376675561e-01
8.696000000001295120e+02 4.469258958336388976e-01
8.697000000001295348e+02 4.469581879359417753e-01
8.698000000001295575e+02 4.469868294923976526e-01
8.699000000001295803e+02 4.470116266084168677e-01
8.700000000001296030e+02 4.470324444797735275e-01
8.701000000001296257e+02 4.469855968767255106e-01
8.702000000001296485e+02 4.469347018105154223e-01
8.703000000001296712e+02 4.468798035821439640e-01
8.704000000001296939e+02 4.468210055941377878e-01
8.705000000001297167e+02 4.467584703134617752e-01
8.706000000001297394e+02 4.466924190409692352e-01
8.707000000001297622e+02 4.466231323026081390e-01
8.708000000001297849e+02 4.465509495431183584e-01
8.709000000001298076e+02 4.464762690748247387e-01
8.710000000001298304e+02 4.463995480236362390e-01
8.711000000001298531e+02 4.463006381588693339e-01
8.712000000001298758e+02 4.462007870445816593e-01
8.713000000001298986e+02 4.461006279677499631e-01
8.714000000001299213e+02 4.460008526952449759e-01
8.715000000001299441e+02 4.459022114177698670e-01
8.716000000001299668e+02 4.458055126843400995e-01
8.717000000001299895e+02 4.457085723324475945e-01
8.718000000001300123e+02 4.456114200223451616e-01
8.719000000001300350e+02 4.455140899274593891e-01
8.720000000001300577e+02 4.454166207310378822e-01
8.721000000001300805e+02 4.453807061131977996e-01
8.722000000001301032e+02 4.453447179414558588e-01
8.723000000001301260e+02 4.453087084027029241e-01
8.724000000001301487e+02 4.452727342070163519e-01
8.725000000001301714e+02 4.452368565862405703e-01
8.726000000001301942e+02 4.452011413208550872e-01
8.727000000001302169e+02 4.451654042009793311e-01
8.728000000001302396e+02 4.451296451905706331e-01
8.729000000001302624e+02 4.450938642471186646e-01
8.730000000001302851e+02 4.450580613187537504e-01
8.731000000001303079e+02 4.449725903635738389e-01
8.732000000001303306e+02 4.448871150419320686e-01
8.733000000001303533e+02 4.448016352850348576e-01
8.734000000001303761e+02 4.447161510175637877e-01
8.735000000001303988e+02 4.446306621566723516e-01
8.736000000001304215e+02 4.445433320831539969e-01
8.737000000001304443e+02 4.444548177084818308e-01
8.738000000001304670e+02 4.443657300759226714e-01
8.739000000001304898e+02 4.442766346192580929e-01
8.740000000001305125e+02 4.441880511962020273e-01
8.741000000001305352e+02 4.441423781414784999e-01
8.742000000001305580e+02 4.440981052336200885e-01
8.743000000001305807e+02 4.440556163562933700e-01
8.744000000001306034e+02 4.440152501136341301e-01
8.745000000001306262e+02 4.439772998561686834e-01
8.746000000001306489e+02 4.439420137009339462e-01
8.747000000001306717e+02 4.439095945962596157e-01
8.748000000001306944e+02 4.438802002758986398e-01
8.749000000001307171e+02 4.438539433058078520e-01
8.750000000001307399e+02 4.438308910963419396e-01
8.751000000001307626e+02 4.437292381409648767e-01
8.752000000001307853e+02 4.436308097272609885e-01
8.753000000001308081e+02 4.435355361235253091e-01
8.754000000001308308e+02 4.434433025551372531e-01
8.755000000001308536e+02 4.433539492463981491e-01
8.756000000001308763e+02 4.432672714585072504e-01
8.757000000001308990e+02 4.431830194699127867e-01
8.758000000001309218e+02 4.431008987021514134e-01
8.759000000001309445e+02 4.430205697122440722e-01
8.760000000001309672e+02 4.429416482269205591e-01
8.761000000001309900e+02 4.429187326544231085e-01
8.762000000001310127e+02 4.428963102796287243e-01
8.763000000001310354e+02 4.428738625251086303e-01
8.764000000001310582e+02 4.428508258384245555e-01
8.765000000001310809e+02 4.428265917107310212e-01
8.766000000001311037e+02 4.428005066960384872e-01
8.767000000001311264e+02 4.427744011977338134e-01
8.768000000001311491e+02 4.427482752130031951e-01
8.769000000001311719e+02 4.427221287385694759e-01
8.770000000001311946e+02 4.426959617710811701e-01
8.771000000001312173e+02 4.426125644409311111e-01
8.772000000001312401e+02 4.425291573039870086e-01
8.773000000001312628e+02 4.424457403632558461e-01
8.774000000001312856e+02 4.423623136212815332e-01
8.775000000001313083e+02 4.422788770810713865e-01
8.776000000001313310e+02 4.421954307451708144e-01
8.777000000001313538e+02 4.421119746161256137e-01
8.778000000001313765e+02 4.420285086964820254e-01
8.779000000001313992e+02 4.419450329892486429e-01
8.780000000001314220e+02 4.418615474964989742e-01
8.781000000001314447e+02 4.417689260541481366e-01
8.782000000001314675e+02 4.416762969983941689e-01
8.783000000001314902e+02 4.415836603332616295e-01
8.784000000001315129e+02 4.414910160618536472e-01
8.785000000001315357e+02 4.413983641886547460e-01
8.786000000001315584e+02 4.413044278757626282e-01
8.787000000001315811e+02 4.412096638552174821e-01
8.788000000001316039e+02 4.411144970395031173e-01
8.789000000001316266e+02 4.410193205506030556e-01
8.790000000001316494e+02 4.409244957510398688e-01
8.791000000001316721e+02 4.409330338351731271e-01
8.792000000001316948e+02 4.409425252120474092e-01
8.793000000001317176e+02 4.409532370459495199e-01
8.794000000001317403e+02 4.409654051053449320e-01
8.795000000001317630e+02 4.409792337646376570e-01
8.796000000001317858e+02 4.409948960422748754e-01
8.797000000001318085e+02 4.410125335132753510e-01
8.798000000001318313e+02 4.410322563582754207e-01
8.799000000001318540e+02 4.410541433638534570e-01
8.800000000001318767e+02 4.410782419194387849e-01
8.801000000001318995e+02 4.410266672523916465e-01
8.802000000001319222e+02 4.409773162613175312e-01
8.803000000001319449e+02 4.409301409580815290e-01
8.804000000001319677e+02 4.408850619838480811e-01
8.805000000001319904e+02 4.408419686262280424e-01
8.806000000001320132e+02 4.408009010651166015e-01
8.807000000001320359e+02 4.407616207919584084e-01
8.808000000001320586e+02 4.407238625048954805e-01
8.809000000001320814e+02 4.406873341186617332e-01
8.810000000001321041e+02 4.406517167720616079e-01
8.811000000001321268e+02 4.407044832554715130e-01
8.812000000001321496e+02 4.407574347392677616e-01
8.813000000001321723e+02 4.408101719718802158e-01
8.814000000001321951e+02 4.408622686341079899e-01
8.815000000001322178e+02 4.409132713264308223e-01
8.816000000001322405e+02 4.408731631825023034e-01
8.817000000001322633e+02 4.408325984262847497e-01
8.818000000001322860e+02 4.407916220798571150e-01
8.819000000001323087e+02 4.407502791469321557e-01
8.820000000001323315e+02 4.407086146142317196e-01
8.821000000001323542e+02 4.407038088315632929e-01
8.822000000001323770e+02 4.406987663332567196e-01
8.823000000001323997e+02 4.406935320052988714e-01
8.824000000001324224e+02 4.406881507292736422e-01
8.825000000001324452e+02 4.406826673794316251e-01
8.826000000001324679e+02 4.405878486739470135e-01
8.827000000001324906e+02 4.404930560098023196e-01
8.828000000001325134e+02 4.403983341657507489e-01
8.829000000001325361e+02 4.403037278791455678e-01
8.830000000001325589e+02 4.402092818446655120e-01
8.831000000001325816e+02 4.402085692597539901e-01
8.832000000001326043e+02 4.402080915024555452e-01
8.833000000001326271e+02 4.402078933279607864e-01
8.834000000001326498e+02 4.402080194870051644e-01
8.835000000001326725e+02 4.402085147299716339e-01
8.836000000001326953e+02 4.402090600415043409e-01
8.837000000001327180e+02 4.402095788266579546e-01
8.838000000001327408e+02 4.402101629042179387e-01
8.839000000001327635e+02 4.402108906454827442e-01
8.840000000001327862e+02 4.402118269752373636e-01
8.841000000001328090e+02 4.401935139542098030e-01
8.842000000001328317e+02 4.401755022083299607e-01
8.843000000001328544e+02 4.401578162931318872e-01
8.844000000001328772e+02 4.401404673242071408e-01
8.845000000001328999e+02 4.401234529822068975e-01
8.846000000001329227e+02 4.401065759857262227e-01
8.847000000001329454e+02 4.400901231987504048e-01
8.848000000001329681e+02 4.400741862184530118e-01
8.849000000001329909e+02 4.400588431962474401e-01
8.850000000001330136e+02 4.400441588444937713e-01
8.851000000001330363e+02 4.398599533596702083e-01
8.852000000001330591e+02 4.396765427156905659e-01
8.853000000001330818e+02 4.394939504327757818e-01
8.854000000001331045e+02 4.393121865912147928e-01
8.855000000001331273e+02 4.391312478653282558e-01
8.856000000001331500e+02 4.389511175225426776e-01
8.857000000001331728e+02 4.387717654829804692e-01
8.858000000001331955e+02 4.385931483721485225e-01
8.859000000001332182e+02 4.384152095247255132e-01
8.860000000001332410e+02 4.382378790098283017e-01
8.861000000001332637e+02 4.382189470736738701e-01
8.862000000001332864e+02 4.382004000115717890e-01
8.863000000001333092e+02 4.381821285733740745e-01
8.864000000001333319e+02 4.381640101838013002e-01
8.865000000001333547e+02 4.381459089427326981e-01
8.866000000001333774e+02 4.382164547004462340e-01
8.867000000001334001e+02 4.382870819716267463e-01
8.868000000001334229e+02 4.383578220012562254e-01
8.869000000001334456e+02 4.384286971390031207e-01
8.870000000001334683e+02 4.384997208362737542e-01
8.871000000001334911e+02 4.384930647309957519e-01
8.872000000001335138e+02 4.384865601206199837e-01
8.873000000001335366e+02 4.384801936458030402e-01
8.874000000001335593e+02 4.384739430389726356e-01
8.875000000001335820e+02 4.384677771258373991e-01
8.876000000001336048e+02 4.383730801344574712e-01
8.877000000001336275e+02 4.382788631774477417e-01
8.878000000001336502e+02 4.381850212211937379e-01
8.879000000001336730e+02 4.380914537899014416e-01
8.880000000001336957e+02 4.379980649599392595e-01
8.881000000001337185e+02 4.380210568296679652e-01
8.882000000001337412e+02 4.380440419686484343e-01
8.883000000001337639e+02 4.380669380106085864e-01
8.884000000001337867e+02 4.380896670365084788e-01
8.885000000001338094e+02 4.381121555739668216e-01
8.886000000001338321e+02 4.383164141264596081e-01
8.887000000001338549e+02 4.385229933271377334e-01
8.888000000001338776e+02 4.387304525260657950e-01
8.889000000001339004e+02 4.389374555677686418e-01
8.890000000001339231e+02 4.391427710199602985e-01
8.891000000001339458e+02 4.389744187280982812e-01
8.892000000001339686e+02 4.388022637360307066e-01
8.893000000001339913e+02 4.386254023830040705e-01
8.894000000001340140e+02 4.384430395154606530e-01
8.895000000001340368e+02 4.382544883126286983e-01
8.896000000001340595e+02 4.381476826432077476e-01
8.897000000001340823e+02 4.380336106826193676e-01
8.898000000001341050e+02 4.379120983094486053e-01
8.899000000001341277e+02 4.377830740826424982e-01
8.900000000001341505e+02 4.376465691060284491e-01
8.901000000001341732e+02 4.374041654413806657e-01
8.902000000001341959e+02 4.371547210488388457e-01
8.903000000001342187e+02 4.368985782574410504e-01
8.904000000001342414e+02 4.366361808325290306e-01
8.905000000001342642e+02 4.363680736463296794e-01
8.906000000001342869e+02 4.362723924990046798e-01
8.907000000001343096e+02 4.361719738141062175e-01
8.908000000001343324e+02 4.360673937569725100e-01
8.909000000001343551e+02 4.359593299579622161e-01
8.910000000001343778e+02 4.358485613748343535e-01
8.911000000001344006e+02 4.356842843361189432e-01
8.912000000001344233e+02 4.355191867470013523e-01
8.913000000001344461e+02 4.353543506376967298e-01
8.914000000001344688e+02 4.351909582879792682e-01
8.915000000001344915e+02 4.350302920780095839e-01
8.916000000001345143e+02 4.348735551140552325e-01
8.917000000001345370e+02 4.347165951870480827e-01
8.918000000001345597e+02 4.345593837630999379e-01
8.919000000001345825e+02 4.344018879329745730e-01
8.920000000001346052e+02 4.342440704198842205e-01
8.921000000001346280e+02 4.339202758981200447e-01
8.922000000001346507e+02 4.335962149684382538e-01
8.923000000001346734e+02 4.332718377643320906e-01
8.924000000001346962e+02 4.329470901636928160e-01
8.925000000001347189e+02 4.326219138013186472e-01
8.926000000001347416e+02 4.319439262404214941e-01
8.927000000001347644e+02 4.312661170888698603e-01
8.928000000001347871e+02 4.305885594754846890e-01
8.929000000001348099e+02 4.299113304602276697e-01
8.930000000001348326e+02 4.292345110038610079e-01
8.931000000001348553e+02 4.288089152134674786e-01
8.932000000001348781e+02 4.283837422094903258e-01
8.933000000001349008e+02 4.279590849924798657e-01
8.934000000001349235e+02 4.275350405624795957e-01
8.935000000001349463e+02 4.271117099011825236e-01
8.936000000001349690e+02 4.270349492026686566e-01
8.937000000001349918e+02 4.269549700053418828e-01
8.938000000001350145e+02 4.268735035481116546e-01
8.939000000001350372e+02 4.267921455832238697e-01
8.940000000001350600e+02 4.267123564458586427e-01
8.941000000001350827e+02 4.260253519076050988e-01
8.942000000001351054e+02 4.253428790131866255e-01
8.943000000001351282e+02 4.246659703103184968e-01
8.944000000001351509e+02 4.239955182458892136e-01
8.945000000001351737e+02 4.233322762859175192e-01
8.946000000001351964e+02 4.221525786926362822e-01
8.947000000001352191e+02 4.209819516744265910e-01
8.948000000001352419e+02 4.198206585643626254e-01
8.949000000001352646e+02 4.186688401821151984e-01
8.950000000001352873e+02 4.175265165078636542e-01
8.951000000001353101e+02 4.160162868731293040e-01
8.952000000001353328e+02 4.145155609091107363e-01
8.953000000001353555e+02 4.130239826501676537e-01
8.954000000001353783e+02 4.115410831411762116e-01
8.955000000001354010e+02 4.100662825153230662e-01
8.956000000001354238e+02 4.090347188127201883e-01
8.957000000001354465e+02 4.080094158082352984e-01
8.958000000001354692e+02 4.069896035897942466e-01
8.959000000001354920e+02 4.059743959742158625e-01
8.960000000001355147e+02 4.049627920202777398e-01
8.961000000001355374e+02 4.035608599856780887e-01
8.962000000001355602e+02 4.021599932688502133e-01
8.963000000001355829e+02 4.007588567412805891e-01
8.964000000001356057e+02 3.993560123205317502e-01
8.965000000001356284e+02 3.979499211679603521e-01
8.966000000001356511e+02 3.974106516623848728e-01
8.967000000001356739e+02 3.968714530553461572e-01
8.968000000001356966e+02 3.963324057381326648e-01
8.969000000001357193e+02 3.957935896479463089e-01
8.970000000001357421e+02 3.952550842723975832e-01
8.971000000001357648e+02 3.961628348320038184e-01
8.972000000001357876e+02 3.970707759524735314e-01
8.973000000001358103e+02 3.979789913911247479e-01
8.974000000001358330e+02 3.988875656256596347e-01
8.975000000001358558e+02 3.997965838522063442e-01
8.976000000001358785e+02 4.003577676053065582e-01
8.977000000001359012e+02 4.009191939818464445e-01
8.978000000001359240e+02 4.014808115093657093e-01
8.979000000001359467e+02 4.020425602613355576e-01
8.980000000001359695e+02 4.026043717953669554e-01
8.981000000001359922e+02 3.992529467474462135e-01
8.982000000001360149e+02 3.959022790805911129e-01
8.983000000001360377e+02 3.925522761522249882e-01
8.984000000001360604e+02 3.892028405691217996e-01
8.985000000001360831e+02 3.858538705211876918e-01
8.986000000001361059e+02 3.813786049667208800e-01
8.987000000001361286e+02 3.769068698083449798e-01
8.988000000001361514e+02 3.724371921897614568e-01
8.989000000001361741e+02 3.679682666985278905e-01
8.990000000001361968e+02 3.634989491627480529e-01
8.991000000001362196e+02 3.655177633713061480e-01
8.992000000001362423e+02 3.675335610426068156e-01
8.993000000001362650e+02 3.695454288916822372e-01
8.994000000001362878e+02 3.715525369780737219e-01
8.995000000001363105e+02 3.735541414988892139e-01
8.996000000001363333e+02 3.764193179927146082e-01
8.997000000001363560e+02 3.792777191920128632e-01
8.998000000001363787e+02 3.821288278370655322e-01
8.999000000001364015e+02 3.849722215472948239e-01
9.000000000001364242e+02 3.878075767493801007e-01
9.001000000001364469e+02 3.867168858925591479e-01
9.002000000001364697e+02 3.856193004747276998e-01
9.003000000001364924e+02 3.845150430479988279e-01
9.004000000001365152e+02 3.834044396023635892e-01
9.005000000001365379e+02 3.822879180262784282e-01
9.006000000001365606e+02 3.824673680842549661e-01
9.007000000001365834e+02 3.826409763395846042e-01
9.008000000001366061e+02 3.828093641893951515e-01
9.009000000001366288e+02 3.829732632040634965e-01
9.010000000001366516e+02 3.831335153233597635e-01
9.011000000001366743e+02 3.839159861139563312e-01
9.012000000001366971e+02 3.846963038461707618e-01
9.013000000001367198e+02 3.854756420411499795e-01
9.014000000001367425e+02 3.862552937621592242e-01
9.015000000001367653e+02 3.870366727257407158e-01
9.016000000001367880e+02 3.866983777081125506e-01
9.017000000001368107e+02 3.863597846702698235e-01
9.018000000001368335e+02 3.860209868671320987e-01
9.019000000001368562e+02 3.856820733303154003e-01
9.020000000001368790e+02 3.853431288793728871e-01
9.021000000001369017e+02 3.847140901005808300e-01
9.022000000001369244e+02 3.840852823467918453e-01
9.023000000001369472e+02 3.834567779824947786e-01
9.024000000001369699e+02 3.828286450218870152e-01
9.025000000001369926e+02 3.822009471668428859e-01
9.026000000001370154e+02 3.832091300661727984e-01
9.027000000001370381e+02 3.842171213279083619e-01
9.028000000001370609e+02 3.852248717285183810e-01
9.029000000001370836e+02 3.862323354052217272e-01
9.030000000001371063e+02 3.872394699100638604e-01
9.031000000001371291e+02 3.900699056251433205e-01
9.032000000001371518e+02 3.928978793182752449e-01
9.033000000001371745e+02 3.957233629846702017e-01
9.034000000001371973e+02 3.985463316793895761e-01
9.035000000001372200e+02 4.013667636589144383e-01
9.036000000001372428e+02 4.031546325105114792e-01
9.037000000001372655e+02 4.049397644250589678e-01
9.038000000001372882e+02 4.067225106411884172e-01
9.039000000001373110e+02 4.085031956407181308e-01
9.040000000001373337e+02 4.102821163945000738e-01
9.041000000001373564e+02 4.097989981326680686e-01
9.042000000001373792e+02 4.093166326112788189e-01
9.043000000001374019e+02 4.088352174187626087e-01
9.044000000001374246e+02 4.083549160377482057e-01
9.045000000001374474e+02 4.078758580378311627e-01
9.046000000001374701e+02 4.073127487558794724e-01
9.047000000001374929e+02 4.067515614816709646e-01
9.048000000001375156e+02 4.061924588309804296e-01
9.049000000001375383e+02 4.056355777944006258e-01
9.050000000001375611e+02 4.050810299122465929e-01
9.051000000001375838e+02 4.050170101411180723e-01
9.052000000001376065e+02 4.049551591770171322e-01
9.053000000001376293e+02 4.048955214117659906e-01
9.054000000001376520e+02 4.048381165494467915e-01
9.055000000001376748e+02 4.047829396212598851e-01
9.056000000001376975e+02 4.043039294685811802e-01
9.057000000001377202e+02 4.038267096999328953e-01
9.058000000001377430e+02 4.033510611725898420e-01
9.059000000001377657e+02 4.028767329906987604e-01
9.060000000001377884e+02 4.024034426884627869e-01
9.061000000001378112e+02 4.002820842444745897e-01
9.062000000001378339e+02 3.981618162043686904e-01
9.063000000001378567e+02 3.960422633464598108e-01
9.064000000001378794e+02 3.939230263326007897e-01
9.065000000001379021e+02 3.918036825634118592e-01
9.066000000001379249e+02 3.895136567674749584e-01
9.067000000001379476e+02 3.872244490842167153e-01
9.068000000001379703e+02 3.849360605774664879e-01
9.069000000001379931e+02 3.826484923173365527e-01
9.070000000001380158e+02 3.803617453837936369e-01
9.071000000001380386e+02 3.794788944258212227e-01
9.072000000001380613e+02 3.785964751634875447e-01
9.073000000001380840e+02 3.777144878193767763e-01
9.074000000001381068e+02 3.768329326220082875e-01
9.075000000001381295e+02 3.759518098031865985e-01
9.076000000001381522e+02 3.755801505753177394e-01
9.077000000001381750e+02 3.752086066507068773e-01
9.078000000001381977e+02 3.748371781503442302e-01
9.079000000001382205e+02 3.744658651933921445e-01
9.080000000001382432e+02 3.740946679028731570e-01
9.081000000001382659e+02 3.742615220610803761e-01
9.082000000001382887e+02 3.744280616998018063e-01
9.083000000001383114e+02 3.745942868598490794e-01
9.084000000001383341e+02 3.747601975830054388e-01
9.085000000001383569e+02 3.749257939128636807e-01
9.086000000001383796e+02 3.749216136207919603e-01
9.087000000001384024e+02 3.749169763490664553e-01
9.088000000001384251e+02 3.749120365287628154e-01
9.089000000001384478e+02 3.749069371575226572e-01
9.090000000001384706e+02 3.749018097991739240e-01
9.091000000001384933e+02 3.752500731035514625e-01
9.092000000001385160e+02 3.755982508533807773e-01
9.093000000001385388e+02 3.753859249819854194e-01
9.094000000001385615e+02 3.751726607906849531e-01
9.095000000001385843e+02 3.747579781808001997e-01
9.096000000001386070e+02 3.741750453248609554e-01
9.097000000001386297e+02 3.736118867293067303e-01
9.098000000001386525e+02 3.730484850816899733e-01
9.099000000001386752e+02 3.724647728719062134e-01
9.100000000001386979e+02 3.718808398918577729e-01
9.101000000001387207e+02 3.704207244562446322e-01
9.102000000001387434e+02 3.689646784579644900e-01
9.103000000001387662e+02 3.674926856923499963e-01
9.104000000001387889e+02 3.660247715845518224e-01
9.105000000001388116e+02 3.645608858892208648e-01
9.106000000001388344e+02 3.647317829687463653e-01
9.107000000001388571e+02 3.649186248575612135e-01
9.108000000001388798e+02 3.651014341747098046e-01
9.109000000001389026e+02 3.652600192584433136e-01
9.110000000001389253e+02 3.654143025979137427e-01
9.111000000001389481e+02 3.650047610392444519e-01
9.112000000001389708e+02 3.645935497915359091e-01
9.113000000001389935e+02 3.641603232268630363e-01
9.114000000001390163e+02 3.637251279178035368e-01
9.115000000001390390e+02 3.633080742156992171e-01
9.116000000001390617e+02 3.615362069413372015e-01
9.117000000001390845e+02 3.597491032572365799e-01
9.118000000001391072e+02 3.579670159749932523e-01
9.119000000001391300e+02 3.562099696477626920e-01
9.120000000001391527e+02 3.544578175434753842e-01
9.121000000001391754e+02 3.545779239311146469e-01
9.122000000001391982e+02 3.546934024896697957e-01
9.123000000001392209e+02 3.548042584416583600e-01
9.124000000001392436e+02 3.549104970114021484e-01
9.125000000001392664e+02 3.550323428110176982e-01
9.126000000001392891e+02 3.522017364284473206e-01
9.127000000001393119e+02 3.491816362514483796e-01
9.128000000001393346e+02 3.461742244624104736e-01
9.129000000001393573e+02 3.426266427575572759e-01
9.130000000001393801e+02 3.390983618998695270e-01
9.131000000001394028e+02 3.354028142018876668e-01
9.132000000001394255e+02 3.317277816324503137e-01
9.133000000001394483e+02 3.280732506442231577e-01
9.134000000001394710e+02 3.244392076686047344e-01
9.135000000001394937e+02 3.208066587291080740e-01
9.136000000001395165e+02 3.210563443853284848e-01
9.137000000001395392e+02 3.213092031277968164e-01
9.138000000001395620e+02 3.215460919361036174e-01
9.139000000001395847e+02 3.217668607061989761e-01
9.140000000001396074e+02 3.219713719872454027e-01
9.141000000001396302e+02 3.228800856645131501e-01
9.142000000001396529e+02 3.237641443055254142e-01
9.143000000001396756e+02 3.246234684613501509e-01
9.144000000001396984e+02 3.254579909544769722e-01
9.145000000001397211e+02 3.262676571183175112e-01
9.146000000001397439e+02 3.238735960476864517e-01
9.147000000001397666e+02 3.214875626047811741e-01
9.148000000001397893e+02 3.191095650954210994e-01
9.149000000001398121e+02 3.167396213884520750e-01
9.150000000001398348e+02 3.143777585458398249e-01
9.151000000001398575e+02 3.093703408102272956e-01
9.152000000001398803e+02 3.043985117880086966e-01
9.153000000001399030e+02 2.994815784528883085e-01
9.154000000001399258e+02 2.945998880323364433e-01
9.155000000001399485e+02 2.897534977290861513e-01
9.156000000001399712e+02 2.891653283398340490e-01
9.157000000001399940e+02 2.885678719154670113e-01
9.158000000001400167e+02 2.879612288617788840e-01
9.159000000001400394e+02 2.873455077062437857e-01
9.160000000001400622e+02 2.867208249836538103e-01
9.161000000001400849e+02 2.884246754790051881e-01
9.162000000001401077e+02 2.900942087382737400e-01
9.163000000001401304e+02 2.917296014654042757e-01
9.164000000001401531e+02 2.933310421848136507e-01
9.165000000001401759e+02 2.948987313211622330e-01
9.166000000001401986e+02 2.934496309153745708e-01
9.167000000001402213e+02 2.919999431837848047e-01
9.168000000001402441e+02 2.905496085056281097e-01
9.169000000001402668e+02 2.890784207917188042e-01
9.170000000001402896e+02 2.876064621106659835e-01
9.171000000001403123e+02 2.839197019586398030e-01
9.172000000001403350e+02 2.802578198326369230e-01
9.173000000001403578e+02 2.766207311008918590e-01
9.174000000001403805e+02 2.730083540282376431e-01
9.175000000001404032e+02 2.694206097294538638e-01
9.176000000001404260e+02 2.670556774361206864e-01
9.177000000001404487e+02 2.647011295505694028e-01
9.178000000001404715e+02 2.623569872615786891e-01
9.179000000001404942e+02 2.600232707470114257e-01
9.180000000001405169e+02 2.576999991918253463e-01
9.181000000001405397e+02 2.576993559522153809e-01
9.182000000001405624e+02 2.576809406065702635e-01
9.183000000001405851e+02 2.576448083796971100e-01
9.184000000001406079e+02 2.575910145222073400e-01
9.185000000001406306e+02 2.575000265848690906e-01
9.186000000001406534e+02 2.574480606484649825e-01
9.187000000001406761e+02 2.573977510997759177e-01
9.188000000001406988e+02 2.573294248384174754e-01
9.189000000001407216e+02 2.572430069694207622e-01
9.190000000001407443e+02 2.571384331506808563e-01
9.191000000001407670e+02 2.560324651528535500e-01
9.192000000001407898e+02 2.549213372680966816e-01
9.193000000001408125e+02 2.538049929977500008e-01
9.194000000001408353e+02 2.526833872530722669e-01
9.195000000001408580e+02 2.515564861358132731e-01
9.196000000001408807e+02 2.500004337052814107e-01
9.197000000001409035e+02 2.484441188164381586e-01
9.198000000001409262e+02 2.468875364640021330e-01
9.199000000001409489e+02 2.453306870748360735e-01
9.200000000001409717e+02 2.437735763529694510e-01
9.201000000001409944e+02 2.428382748376562428e-01
9.202000000001410172e+02 2.418939694564130882e-01
9.203000000001410399e+02 2.409611201784677414e-01
9.204000000001410626e+02 2.400194275924336651e-01
9.205000000001410854e+02 2.390689284914491730e-01
9.206000000001411081e+02 2.373662893479339675e-01
9.207000000001411308e+02 2.356654751161804395e-01
9.208000000001411536e+02 2.339665300577651874e-01
9.209000000001411763e+02 2.322695067726646689e-01
9.210000000001411991e+02 2.305744658579770012e-01
9.211000000001412218e+02 2.283250678976786185e-01
9.212000000001412445e+02 2.260859381346182195e-01
9.213000000001412673e+02 2.238571447123466895e-01
9.214000000001412900e+02 2.216387615523381094e-01
9.215000000001413127e+02 2.194308679419055275e-01
9.216000000001413355e+02 2.177405646725178445e-01
9.217000000001413582e+02 2.160527857379747896e-01
9.218000000001413810e+02 2.143675086194726243e-01
9.219000000001414037e+02 2.126646336265970438e-01
9.220000000001414264e+02 2.109642506386566196e-01
9.221000000001414492e+02 2.098102539382603604e-01
9.222000000001414719e+02 2.086504643436673800e-01
9.223000000001414946e+02 2.074848765510302062e-01
9.224000000001415174e+02 2.063134857524734356e-01
9.225000000001415401e+02 2.051362876388042045e-01
9.226000000001415629e+02 2.034419037206195435e-01
9.227000000001415856e+02 2.017501137754055818e-01
9.228000000001416083e+02 2.000609323949434359e-01
9.229000000001416311e+02 1.983743757370947658e-01
9.230000000001416538e+02 1.966904614424622444e-01
9.231000000001416765e+02 1.949126417156374080e-01
9.232000000001416993e+02 1.931390873070353009e-01
9.233000000001417220e+02 1.913698177826488045e-01
9.234000000001417447e+02 1.896048538101873238e-01
9.235000000001417675e+02 1.878242144964601124e-01
9.236000000001417902e+02 1.859705006664744420e-01
9.237000000001418130e+02 1.841429721335414715e-01
9.238000000001418357e+02 1.823213027559209554e-01
9.239000000001418584e+02 1.805052030936145913e-01
9.240000000001418812e+02 1.786944166344966445e-01
9.241000000001419039e+02 1.769180633341620179e-01
9.242000000001419266e+02 1.751460962537821908e-01
9.243000000001419494e+02 1.733783505473474873e-01
9.244000000001419721e+02 1.716146895420497531e-01
9.245000000001419949e+02 1.698550036193441359e-01
9.246000000001420176e+02 1.682426467984390606e-01
9.247000000001420403e+02 1.666314798988472179e-01
9.248000000001420631e+02 1.650214450308329084e-01
9.249000000001420858e+02 1.634125094775855103e-01
9.250000000001421085e+02 1.618046646281643963e-01
9.251000000001421313e+02 1.604122277112773609e-01
9.252000000001421540e+02 1.590163054616083871e-01
9.253000000001421768e+02 1.576365724155580628e-01
9.254000000001421995e+02 1.562535177884993021e-01
9.255000000001422222e+02 1.548672413188613706e-01
9.256000000001422450e+02 1.534129107811696979e-01
9.257000000001422677e+02 1.519569539966978688e-01
9.258000000001422904e+02 1.504995217693959608e-01
9.259000000001423132e+02 1.490407802930521497e-01
9.260000000001423359e+02 1.475809101798296330e-01
9.261000000001423587e+02 1.460888526661800191e-01
9.262000000001423814e+02 1.445967686109787820e-01
9.263000000001424041e+02 1.431048738611456483e-01
9.264000000001424269e+02 1.416133946042352487e-01
9.265000000001424496e+02 1.401225663878573613e-01
9.266000000001424723e+02 1.387200963850739044e-01
9.267000000001424951e+02 1.373158419662555696e-01
9.268000000001425178e+02 1.359098401234277720e-01
9.269000000001425406e+02 1.344824540384349787e-01
9.270000000001425633e+02 1.330533715837614039e-01
9.271000000001425860e+02 1.307943800425191150e-01
9.272000000001426088e+02 1.285539634820356547e-01
9.273000000001426315e+02 1.263321127055003490e-01
9.274000000001426542e+02 1.241288167528237091e-01
9.275000000001426770e+02 1.219440629367072593e-01
9.276000000001426997e+02 1.195189072243358491e-01
9.277000000001427225e+02 1.171187483560539588e-01
9.278000000001427452e+02 1.147435214686065713e-01
9.279000000001427679e+02 1.123931627943336592e-01
9.280000000001427907e+02 1.100676096381313779e-01
9.281000000001428134e+02 1.084622556302353991e-01
9.282000000001428361e+02 1.068630469092862606e-01
9.283000000001428589e+02 1.052699614026055414e-01
9.284000000001428816e+02 1.036829776999140668e-01
9.285000000001429044e+02 1.020839557789988833e-01
9.286000000001429271e+02 1.003785055619953459e-01
9.287000000001429498e+02 9.870082215671890924e-02
9.288000000001429726e+02 9.703253977861718560e-02
9.289000000001429953e+02 9.537344108856748992e-02
9.290000000001430180e+02 9.372333646843943045e-02
9.291000000001430408e+02 9.189733986728418347e-02
9.292000000001430635e+02 9.008562978288010836e-02
9.293000000001430863e+02 8.828808403244227387e-02
9.294000000001431090e+02 8.650460321035312317e-02
9.295000000001431317e+02 8.473510913863359362e-02
9.296000000001431545e+02 8.262981520568914162e-02
9.297000000001431772e+02 8.054995576657619782e-02
9.298000000001431999e+02 7.849547777814477878e-02
9.299000000001432227e+02 7.646634680449003463e-02
9.300000000001432454e+02 7.446254499380947078e-02
9.301000000001432682e+02 7.254458785709284874e-02
9.302000000001432909e+02 7.064944387633532996e-02
9.303000000001433136e+02 6.879321191011882053e-02
9.304000000001433364e+02 6.695956256275018004e-02
9.305000000001433591e+02 6.514854264989526633e-02
9.306000000001433818e+02 6.337644189361160696e-02
9.307000000001434046e+02 6.162640330727443133e-02
9.308000000001434273e+02 5.989849177022653348e-02
9.309000000001434501e+02 5.819277317446668735e-02
9.310000000001434728e+02 5.650931328731886166e-02
9.311000000001434955e+02 5.478090404520626067e-02
9.312000000001435183e+02 5.307790250606346516e-02
9.313000000001435410e+02 5.140034994954229691e-02
9.314000000001435637e+02 4.974828303687691550e-02
9.315000000001435865e+02 4.812173295375043319e-02
9.316000000001436092e+02 4.608742405216881971e-02
9.317000000001436320e+02 4.409880682015494824e-02
9.318000000001436547e+02 4.215576132353508754e-02
9.319000000001436774e+02 4.024510016804769968e-02
9.320000000001437002e+02 3.838034860857193059e-02
9.321000000001437229e+02 3.708451557706489432e-02
9.322000000001437456e+02 3.580657813334765099e-02
9.323000000001437684e+02 3.454649529658008339e-02
9.324000000001437911e+02 3.330422542338321024e-02
9.325000000001438138e+02 3.207972618434223877e-02
9.326000000001438366e+02 3.119433854527353667e-02
9.327000000001438593e+02 3.030711507404880087e-02
9.328000000001438821e+02 2.941806180900567030e-02
9.329000000001439048e+02 2.852718471676290654e-02
9.330000000001439275e+02 2.763448973852966964e-02
9.331000000001439503e+02 2.652540920784527204e-02
9.332000000001439730e+02 2.542971627256318881e-02
9.333000000001439957e+02 2.434737164006247831e-02
9.334000000001440185e+02 2.327833632146192669e-02
9.335000000001440412e+02 2.243545420633573373e-02
9.336000000001440640e+02 2.123016099544503682e-02
9.337000000001440867e+02 2.028376376735547756e-02
9.338000000001441094e+02 1.935969203338076816e-02
9.339000000001441322e+02 1.844722952592514967e-02
9.340000000001441549e+02 1.755757792820576355e-02
9.341000000001441776e+02 1.698837238355078647e-02
9.342000000001442004e+02 1.642784520394607872e-02
9.343000000001442231e+02 1.586592482363299861e-02
9.344000000001442459e+02 1.531286769456022961e-02
9.345000000001442686e+02 1.476865031880512588e-02
9.346000000001442913e+02 1.484227020361361497e-02
9.347000000001443141e+02 1.490225687881862118e-02
9.348000000001443368e+02 1.493885920024541972e-02
9.349000000001443595e+02 1.494110519779302641e-02
9.350000000001443823e+02 1.491951633631274921e-02
9.351000000001444050e+02 1.461198085470522684e-02
9.352000000001444278e+02 1.429785684685508027e-02
9.353000000001444505e+02 1.396553299717692015e-02
9.354000000001444732e+02 1.362645754569232967e-02
9.355000000001444960e+02 1.329242940105252249e-02
9.356000000001445187e+02 1.274360416516205456e-02
9.357000000001445414e+02 1.219101900261643744e-02
9.358000000001445642e+02 1.164643898312715982e-02
9.359000000001445869e+02 1.112121800280626606e-02
9.360000000001446097e+02 1.060373954541091353e-02
9.361000000001446324e+02 1.020370510338678392e-02
9.362000000001446551e+02 9.801212895507669873e-03
9.363000000001446779e+02 9.396258961432993329e-03
9.364000000001447006e+02 8.988840142850567858e-03
9.365000000001447233e+02 8.590392926747285329e-03
9.366000000001447461e+02 8.116467965920337244e-03
9.367000000001447688e+02 7.636580710467536816e-03
9.368000000001447916e+02 7.162155692647456662e-03
9.369000000001448143e+02 6.704334216324064726e-03
9.370000000001448370e+02 6.251806017369974759e-03
9.371000000001448598e+02 5.886516079669249987e-03
9.372000000001448825e+02 5.513037343830738332e-03
9.373000000001449052e+02 5.142797472981992281e-03
9.374000000001449280e+02 4.764629384808868190e-03
9.375000000001449507e+02 4.366943021960338796e-03
9.376000000001449735e+02 3.937050081635105024e-03
9.377000000001449962e+02 3.504557178367958582e-03
9.378000000001450189e+02 3.069474648809447995e-03
9.379000000001450417e+02 2.643561720797035341e-03
9.380000000001450644e+02 2.215146100342394852e-03
9.381000000001450871e+02 1.773779208268889398e-03
9.382000000001451099e+02 1.329172781996659693e-03
9.383000000001451326e+02 8.932463493031923742e-04
9.384000000001451554e+02 4.541838776988073897e-04
