3.054000000000012278e+02 2.488071445131290421e-17
3.055000000000012506e+02 1.004397709872794735e-06
3.056000000000012733e+02 2.027513218366515764e-06
3.057000000000012960e+02 4.147834339698175869e-06
3.058000000000013188e+02 6.302921196057845209e-06
3.059000000000013415e+02 8.432756899889456170e-06
3.060000000000013642e+02 1.059194645943028114e-05
3.061000000000013870e+02 1.281162957173075829e-05
3.062000000000014097e+02 1.506617200033334635e-05
3.063000000000014325e+02 1.741268963993377797e-05
3.064000000000014552e+02 1.978958935923463602e-05
3.065000000000014779e+02 2.213321154123960651e-05
3.066000000000015007e+02 2.481308140684157569e-05
3.067000000000015234e+02 2.762613367554421183e-05
3.068000000000015461e+02 3.050680962964417276e-05
3.069000000000015689e+02 3.338487379604669240e-05
3.070000000000015916e+02 3.631887504074906827e-05
3.071000000000016144e+02 3.940182316404998257e-05
3.072000000000016371e+02 4.254201807185377393e-05
3.073000000000016598e+02 4.580441249025459010e-05
3.074000000000016826e+02 4.911616986865600194e-05
3.075000000000017053e+02 5.240015368214754688e-05
3.076000000000017280e+02 5.518854283644870489e-05
3.077000000000017508e+02 5.804472695145019645e-05
3.078000000000017735e+02 6.089342519554872028e-05
3.079000000000017963e+02 6.365848575055003250e-05
3.080000000000018190e+02 6.640913240744730490e-05
3.081000000000018417e+02 6.900911616034677938e-05
3.082000000000018645e+02 7.158125877874903079e-05
3.083000000000018872e+02 7.419546197284839352e-05
3.084000000000019099e+02 7.677577713504775653e-05
3.085000000000019327e+02 7.924662261315498172e-05
3.086000000000019554e+02 8.209180944935584752e-05
3.087000000000019782e+02 8.498161592435685098e-05
3.088000000000020009e+02 8.783919558625466798e-05
3.089000000000020236e+02 9.058708020745538810e-05
3.090000000000020464e+02 9.329401184837027164e-05
3.091000000000020691e+02 9.672804350246967892e-05
3.092000000000020918e+02 1.001328311910724413e-04
3.093000000000021146e+02 1.035771439410715876e-04
3.094000000000021373e+02 1.069808283180708673e-04
3.095000000000021600e+02 1.102618118700629383e-04
3.096000000000021828e+02 1.131756622150631805e-04
3.097000000000022055e+02 1.161008063610632923e-04
3.098000000000022283e+02 1.189559418830599244e-04
3.099000000000022510e+02 1.216595330940596273e-04
3.100000000000022737e+02 1.242820446420483049e-04
3.101000000000022965e+02 1.264061510420464872e-04
3.102000000000023192e+02 1.284507838300474501e-04
3.103000000000023419e+02 1.304871273360454209e-04
3.104000000000023647e+02 1.324360568490742936e-04
3.105000000000023874e+02 1.355476523980676383e-04
3.106000000000024102e+02 1.383798368890976245e-04
3.107000000000024329e+02 1.424687302950962387e-04
3.108000000000024556e+02 1.464067570620923987e-04
3.109000000000024784e+02 1.501875197690904834e-04
3.110000000000025011e+02 1.538045994801128013e-04
3.111000000000025238e+02 1.583145741811101852e-04
3.112000000000025466e+02 1.627196996771098410e-04
3.113000000000025693e+02 1.670137777661068440e-04
3.114000000000025921e+02 1.711905901741041865e-04
3.115000000000026148e+02 1.751751486851262660e-04
3.116000000000026375e+02 1.800037744241250108e-04
3.117000000000026603e+02 1.847848718411243985e-04
3.118000000000026830e+02 1.894404514541207795e-04
3.119000000000027057e+02 1.939612391531194357e-04
3.120000000000027285e+02 1.983379263491338840e-04
3.121000000000027512e+02 2.032440165751305851e-04
3.122000000000027740e+02 2.080299712001297140e-04
3.123000000000027967e+02 2.126870900501258627e-04
3.124000000000028194e+02 2.172066433921223825e-04
3.125000000000028422e+02 2.215122554920764320e-04
3.126000000000028649e+02 2.242017188730734448e-04
3.127000000000028876e+02 2.267858315350697416e-04
3.128000000000029104e+02 2.291918859840644154e-04
3.129000000000029331e+02 2.314147778670601428e-04
3.130000000000029559e+02 2.334493886201035391e-04
3.131000000000029786e+02 2.369522900411016137e-04
3.132000000000030013e+02 2.403898341011015611e-04
3.133000000000030241e+02 2.437609475060995240e-04
3.134000000000030468e+02 2.470645548470973762e-04
3.135000000000030695e+02 2.502370814551501841e-04
3.136000000000030923e+02 2.551291326841508738e-04
3.137000000000031150e+02 2.600446286911523258e-04
3.138000000000031378e+02 2.649177055341509434e-04
3.139000000000031605e+02 2.697449816611520901e-04
3.140000000000031832e+02 2.745230642252861550e-04
3.141000000000032060e+02 2.835139808882907245e-04
3.142000000000032287e+02 2.926465858343004801e-04
3.143000000000032514e+02 3.019203441233050565e-04
3.144000000000032742e+02 3.113347083303127775e-04
3.145000000000032969e+02 3.208213236772421238e-04
3.146000000000033197e+02 3.281647700892466411e-04
3.147000000000033424e+02 3.356466941342532684e-04
3.148000000000033651e+02 3.431988510652556122e-04
3.149000000000033879e+02 3.508208092042623054e-04
3.150000000000034106e+02 3.585121552453712584e-04
3.151000000000034333e+02 3.693981442703777110e-04
3.152000000000034561e+02 3.804729720103906050e-04
3.153000000000034788e+02 3.917376110473972176e-04
3.154000000000035016e+02 4.031930650814078061e-04
3.155000000000035243e+02 4.147644105054922579e-04
3.156000000000035470e+02 4.287329569685058230e-04
3.157000000000035698e+02 4.430863672715251830e-04
3.158000000000035925e+02 4.577523804795365124e-04
3.159000000000036152e+02 4.727348034105567144e-04
3.160000000000036380e+02 4.880375577940031825e-04
3.161000000000036607e+02 5.156124234100372111e-04
3.162000000000036835e+02 5.441230051800886522e-04
3.163000000000037062e+02 5.735859512031244497e-04
3.164000000000037289e+02 6.040182010631747929e-04
3.165000000000037517e+02 6.353343459150622048e-04
3.166000000000037744e+02 6.636461708910926672e-04
3.167000000000037971e+02 6.927712906231365706e-04
3.168000000000038199e+02 7.226152976351643640e-04
3.169000000000038426e+02 7.531864776542101115e-04
3.170000000000038654e+02 7.844931362633961137e-04
3.171000000000038881e+02 8.206126150804235204e-04
3.172000000000039108e+02 8.574416371714725042e-04
3.173000000000039336e+02 8.949838140865005965e-04
3.174000000000039563e+02 9.332427523525454235e-04
3.175000000000039790e+02 9.720814959587834470e-04
3.176000000000040018e+02 1.016901274471834109e-03
3.177000000000040245e+02 1.062995665651906597e-03
3.178000000000040473e+02 1.110237481361953582e-03
3.179000000000040700e+02 1.158640095092028930e-03
3.180000000000040927e+02 1.208216883202878691e-03
3.181000000000041155e+02 1.278558004072971295e-03
3.182000000000041382e+02 1.351161699893107908e-03
3.183000000000041609e+02 1.426062622443204910e-03
3.184000000000041837e+02 1.503295454473339583e-03
3.185000000000042064e+02 1.582687853023192386e-03
3.186000000000042292e+02 1.658582097473284243e-03
3.187000000000042519e+02 1.736657351163413627e-03
3.188000000000042746e+02 1.816732325193500322e-03
3.189000000000042974e+02 1.898832969783635595e-03
3.190000000000043201e+02 1.982985415303517313e-03
3.191000000000043428e+02 2.064394950693565316e-03
3.192000000000043656e+02 2.146926444183661596e-03
3.193000000000043883e+02 2.230580266353710591e-03
3.194000000000044110e+02 2.315356816013796216e-03
3.195000000000044338e+02 2.400969714144035767e-03
3.196000000000044565e+02 2.491996936164112605e-03
3.197000000000044793e+02 2.584750264974230299e-03
3.198000000000045020e+02 2.678950157964295545e-03
3.199000000000045247e+02 2.774603807474416376e-03
3.200000000000045475e+02 2.871718328706263264e-03
3.201000000000045702e+02 3.009447486156428646e-03
3.202000000000045929e+02 3.150810196906678445e-03
3.203000000000046157e+02 3.295854389926849894e-03
3.204000000000046384e+02 3.444627938077092586e-03
3.205000000000046612e+02 3.596783358777555072e-03
3.206000000000046839e+02 3.758867635397773396e-03
3.207000000000047066e+02 3.925632018198072469e-03
3.208000000000047294e+02 4.096736650148279958e-03
3.209000000000047521e+02 4.272236608068592442e-03
3.210000000000047748e+02 4.452186580587977338e-03
3.211000000000047976e+02 4.619258657248121597e-03
3.212000000000048203e+02 4.789365424228366266e-03
3.213000000000048431e+02 4.962528780358515558e-03
3.214000000000048658e+02 5.138769892878740191e-03
3.215000000000048885e+02 5.317568057647100582e-03
3.216000000000049113e+02 5.462808428017171605e-03
3.217000000000049340e+02 5.609502757547298914e-03
3.218000000000049567e+02 5.757093335387342484e-03
3.219000000000049795e+02 5.905563449017469865e-03
3.220000000000050022e+02 6.054896314838712108e-03
3.221000000000050250e+02 6.229056985478802037e-03
3.222000000000050477e+02 6.405017603768992963e-03
3.223000000000050704e+02 6.582776768869084104e-03
3.224000000000050932e+02 6.762333053979244397e-03
3.225000000000051159e+02 6.943027265842408036e-03
3.226000000000051386e+02 7.185557566872699357e-03
3.227000000000051614e+02 7.433785841413104167e-03
3.228000000000051841e+02 7.687108424503370611e-03
3.229000000000052069e+02 7.945579495433788969e-03
3.230000000000052296e+02 8.209253333666548941e-03
3.231000000000052523e+02 8.525706251706946168e-03
3.232000000000052751e+02 8.849759126807538873e-03
3.233000000000052978e+02 9.181505651247949193e-03
3.234000000000053205e+02 9.521039730578516325e-03
3.235000000000053433e+02 9.867580989685561729e-03
3.236000000000053660e+02 1.015884454921587438e-02
3.237000000000053888e+02 1.045592541641631075e-02
3.238000000000054115e+02 1.075798690261658280e-02
3.239000000000054342e+02 1.106506654331703386e-02
3.240000000000054570e+02 1.137720164011368079e-02
3.241000000000054797e+02 1.162789417141377180e-02
3.242000000000055024e+02 1.188027702921400780e-02
3.243000000000055252e+02 1.213433057351409952e-02
3.244000000000055479e+02 1.239003497711427607e-02
3.245000000000055707e+02 1.264631745071402233e-02
3.246000000000055934e+02 1.289802105091415393e-02
3.247000000000056161e+02 1.315209690911437086e-02
3.248000000000056389e+02 1.340747040421444262e-02
3.249000000000056616e+02 1.366412001821466077e-02
3.250000000000056843e+02 1.392202458032022749e-02
3.251000000000057071e+02 1.427787228342051497e-02
3.252000000000057298e+02 1.463878625302101472e-02
3.253000000000057526e+02 1.500480096512130795e-02
3.254000000000057753e+02 1.537595160442174758e-02
3.255000000000057980e+02 1.575103779782602992e-02
3.256000000000058208e+02 1.620002855072657372e-02
3.257000000000058435e+02 1.665833284652731144e-02
3.258000000000058662e+02 1.712479233642779514e-02
3.259000000000058890e+02 1.759948631342855493e-02
3.260000000000059117e+02 1.808249548542842366e-02
3.261000000000059345e+02 1.856331497352889728e-02
3.262000000000059572e+02 1.905212585782965762e-02
3.263000000000059799e+02 1.954900893293014252e-02
3.264000000000060027e+02 2.005404694623083572e-02
3.265000000000060254e+02 2.056579772862515698e-02
3.266000000000060481e+02 2.098332078902551481e-02
3.267000000000060709e+02 2.140678582342602290e-02
3.268000000000060936e+02 2.183468489222629982e-02
3.269000000000061164e+02 2.226703709742681656e-02
3.270000000000061391e+02 2.270386157012309683e-02
3.271000000000061618e+02 2.308008720622321472e-02
3.272000000000061846e+02 2.345823636192354705e-02
3.273000000000062073e+02 2.383829278042366370e-02
3.274000000000062300e+02 2.422024011912389183e-02
3.275000000000062528e+02 2.460232890282540788e-02
3.276000000000062755e+02 2.500864852372568226e-02
3.277000000000062983e+02 2.541933999882608000e-02
3.278000000000063210e+02 2.583266391562624720e-02
3.279000000000063437e+02 2.624861385472664760e-02
3.280000000000063665e+02 2.666718334383679292e-02
3.281000000000063892e+02 2.724511569203729930e-02
3.282000000000064119e+02 2.783101740883815040e-02
3.283000000000064347e+02 2.842494932473867142e-02
3.284000000000064574e+02 2.902697242743941183e-02
3.285000000000064801e+02 2.963516212384423656e-02
3.286000000000065029e+02 3.031780566284503903e-02
3.287000000000065256e+02 3.101283989614611949e-02
3.288000000000065484e+02 3.171837830974681693e-02
3.289000000000065711e+02 3.243452050554792437e-02
3.290000000000065938e+02 3.316136639454130702e-02
3.291000000000066166e+02 3.378779084594180776e-02
3.292000000000066393e+02 3.442177370274267234e-02
3.293000000000066620e+02 3.506337603664318181e-02
3.294000000000066848e+02 3.571265866374391529e-02
3.295000000000067075e+02 3.636735856903613312e-02
3.296000000000067303e+02 3.690600261123656856e-02
3.297000000000067530e+02 3.745117280293716600e-02
3.298000000000067757e+02 3.800056215013744576e-02
3.299000000000067985e+02 3.855418625723805448e-02
3.300000000000068212e+02 3.911205974923224332e-02
3.301000000000068439e+02 3.958481802213240086e-02
3.302000000000068667e+02 4.005977586343282409e-02
3.303000000000068894e+02 4.053692342153296380e-02
3.304000000000069122e+02 4.101624946763321455e-02
3.305000000000069349e+02 4.149520803533705837e-02
3.306000000000069576e+02 4.202961897073748121e-02
3.307000000000069804e+02 4.257011658103804219e-02
3.308000000000070031e+02 4.311416541663828927e-02
3.309000000000070258e+02 4.366176155873885412e-02
3.310000000000070486e+02 4.421289924184679948e-02
3.311000000000070713e+02 4.487688248594726842e-02
3.312000000000070941e+02 4.554746256954269462e-02
3.313000000000071168e+02 4.614836038034305504e-02
3.314000000000071395e+02 4.675430213844216504e-02
3.315000000000071623e+02 4.734303571804965999e-02
3.316000000000071850e+02 4.803639424644993300e-02
3.317000000000072077e+02 4.873356136665080857e-02
3.318000000000072305e+02 4.943735431725128360e-02
3.319000000000072532e+02 5.014780831005218042e-02
3.320000000000072760e+02 5.086495863224442526e-02
3.321000000000072987e+02 5.147546673904476733e-02
3.322000000000073214e+02 5.209076527324525002e-02
3.323000000000073442e+02 5.270783091824559480e-02
3.324000000000073669e+02 5.332967190764653642e-02
3.325000000000073896e+02 5.395941433793878528e-02
3.326000000000074124e+02 5.448427619793876769e-02
3.327000000000074351e+02 5.500893867353928712e-02
3.328000000000074579e+02 5.553651506933950099e-02
3.329000000000074806e+02 5.606701419414002185e-02
3.330000000000075033e+02 5.660044486713022155e-02
3.331000000000075261e+02 5.700319940553028736e-02
3.332000000000075488e+02 5.740688862163034062e-02
3.333000000000075715e+02 5.780823743093041478e-02
3.334000000000075943e+02 5.821048095463095956e-02
3.335000000000076170e+02 5.861691858503645380e-02
3.336000000000076398e+02 5.909556399263634491e-02
3.337000000000076625e+02 5.957271961723676484e-02
3.338000000000076852e+02 6.005180260073691989e-02
3.339000000000077080e+02 6.053292181103735875e-02
3.340000000000077307e+02 6.101618082684891892e-02
3.341000000000077534e+02 6.164893579374928351e-02
3.342000000000077762e+02 6.228649010734976094e-02
3.343000000000077989e+02 6.292545937575014237e-02
3.344000000000078217e+02 6.356937382975118289e-02
3.345000000000078444e+02 6.422187191045361510e-02
3.346000000000078671e+02 6.490535403695121830e-02
3.347000000000078899e+02 6.555842143915199816e-02
3.348000000000079126e+02 6.621659854334459305e-02
3.349000000000079353e+02 6.678086758094518849e-02
3.350000000000079581e+02 6.734865912593801518e-02
3.351000000000079808e+02 6.782633156313823408e-02
3.352000000000080036e+02 6.830670436233872433e-02
3.353000000000080263e+02 6.878977502283892265e-02
3.354000000000080490e+02 6.927553141233942779e-02
3.355000000000080718e+02 6.976395144023304906e-02
3.356000000000080945e+02 7.017328185193318080e-02
3.357000000000081172e+02 7.058435165713355941e-02
3.358000000000081400e+02 7.099711230013368291e-02
3.359000000000081627e+02 7.141150373573404431e-02
3.360000000000081855e+02 7.182745412372584792e-02
3.361000000000082082e+02 7.214329756762589974e-02
3.362000000000082309e+02 7.245964223922610192e-02
3.363000000000082537e+02 7.277637664542613294e-02
3.364000000000082764e+02 7.309337694392631368e-02
3.365000000000082991e+02 7.341050671402631067e-02
3.366000000000083219e+02 7.372761673002635463e-02
3.367000000000083446e+02 7.404513721612655808e-02
3.368000000000083674e+02 7.436307517952660262e-02
3.369000000000083901e+02 7.468143775592682443e-02
3.370000000000084128e+02 7.500023220912714617e-02
3.371000000000084356e+02 7.532283238032720651e-02
3.372000000000084583e+02 7.564613919132745501e-02
3.373000000000084810e+02 7.597016157152750027e-02
3.374000000000085038e+02 7.629490858382775853e-02
3.375000000000085265e+02 7.662038942444052148e-02
3.376000000000085493e+02 7.709567699164068810e-02
3.377000000000085720e+02 7.757282382414111555e-02
3.378000000000085947e+02 7.805182870074127421e-02
3.379000000000086175e+02 7.853268948274169658e-02
3.380000000000086402e+02 7.901540308713830840e-02
3.381000000000086629e+02 7.945869064873842258e-02
3.382000000000086857e+02 7.990348979513881011e-02
3.383000000000087084e+02 8.034979341673893771e-02
3.384000000000087311e+02 8.079759337673933506e-02
3.385000000000087539e+02 8.124688048633135762e-02
3.386000000000087766e+02 8.160518532523146351e-02
3.387000000000087994e+02 8.196450871153174167e-02
3.388000000000088221e+02 8.232479662573181922e-02
3.389000000000088448e+02 8.268599828283211550e-02
3.390000000000088676e+02 8.304806621682724044e-02
3.391000000000088903e+02 8.335522015802726559e-02
3.392000000000089130e+02 8.366281636072749051e-02
3.393000000000089358e+02 8.397081756892751936e-02
3.394000000000089585e+02 8.427919028302773008e-02
3.395000000000089813e+02 8.458790483372202740e-02
3.396000000000090040e+02 8.483320067612203086e-02
3.397000000000090267e+02 8.507837709602214527e-02
3.398000000000090495e+02 8.532343961992212844e-02
3.399000000000090722e+02 8.556839647582227537e-02
3.400000000000090949e+02 8.581325863072056248e-02
3.401000000000091177e+02 8.603932139382054756e-02
3.402000000000091404e+02 8.626531175992067924e-02
3.403000000000091632e+02 8.649124912312067259e-02
3.404000000000091859e+02 8.671715574302080176e-02
3.405000000000092086e+02 8.694305677752679762e-02
3.406000000000092314e+02 8.723410469532683065e-02
3.407000000000092541e+02 8.752544634392701861e-02
3.408000000000092768e+02 8.781711544032706762e-02
3.409000000000092996e+02 8.810914884772726163e-02
3.410000000000093223e+02 8.840158662222298569e-02
3.411000000000093451e+02 8.864805302112299668e-02
3.412000000000093678e+02 8.889479858022317216e-02
3.413000000000093905e+02 8.914187284072321027e-02
3.414000000000094133e+02 8.938932860922339796e-02
3.415000000000094360e+02 8.963722199672344293e-02
3.416000000000094587e+02 8.988568664622348381e-02
3.417000000000094815e+02 9.013450255912364151e-02
3.418000000000095042e+02 9.038363373112368038e-02
3.419000000000095270e+02 9.063304376282384223e-02
3.420000000000095497e+02 9.088269585851836696e-02
3.421000000000095724e+02 9.107495643811834574e-02
3.422000000000095952e+02 9.126713972361845395e-02
3.423000000000096179e+02 9.145920744551842840e-02
3.424000000000096406e+02 9.165112103021852419e-02
3.425000000000096634e+02 9.184284160021201349e-02
3.426000000000096861e+02 9.196714923611197523e-02
3.427000000000097089e+02 9.209110916591202456e-02
3.428000000000097316e+02 9.221473912841199327e-02
3.429000000000097543e+02 9.233805696121202833e-02
3.430000000000097771e+02 9.246108060090783842e-02
3.431000000000097998e+02 9.254127375880781547e-02
3.432000000000098225e+02 9.262114313360782225e-02
3.433000000000098453e+02 9.270070702880779667e-02
3.434000000000098680e+02 9.277998380990781779e-02
3.435000000000098908e+02 9.285899190450781771e-02
3.436000000000099135e+02 9.293805624190781822e-02
3.437000000000099362e+02 9.301708658020785281e-02
3.438000000000099590e+02 9.309599994320783001e-02
3.439000000000099817e+02 9.317472065040785512e-02
3.440000000000100044e+02 9.325318035051149979e-02
3.441000000000100272e+02 9.336815408741146183e-02
3.442000000000100499e+02 9.348278895591148607e-02
3.443000000000100727e+02 9.359703825411144762e-02
3.444000000000100954e+02 9.371086267551147209e-02
3.445000000000101181e+02 9.382423035551828994e-02
3.446000000000101409e+02 9.400497638021823588e-02
3.447000000000101636e+02 9.418515637501827242e-02
3.448000000000101863e+02 9.436474040651821049e-02
3.449000000000102091e+02 9.454370314971824452e-02
3.450000000000102318e+02 9.472202393451370495e-02
3.451000000000102546e+02 9.485608094851363803e-02
3.452000000000102773e+02 9.498944052601364374e-02
3.453000000000103000e+02 9.512209730041357170e-02
3.454000000000103228e+02 9.525405073631357245e-02
3.455000000000103455e+02 9.538530516150998950e-02
3.456000000000103682e+02 9.548183283420992595e-02
3.457000000000103910e+02 9.557779935470991917e-02
3.458000000000104137e+02 9.567324391960987939e-02
3.459000000000104365e+02 9.576821366330989793e-02
3.460000000000104592e+02 9.586276369370898276e-02
3.461000000000104819e+02 9.594866536360895093e-02
3.462000000000105047e+02 9.603428760530897945e-02
3.463000000000105274e+02 9.611970968930896864e-02
3.464000000000105501e+02 9.620501897100902644e-02
3.465000000000105729e+02 9.629031092180902196e-02
3.466000000000105956e+02 9.637564946860899262e-02
3.467000000000106184e+02 9.646072144520902170e-02
3.468000000000106411e+02 9.654552964690898964e-02
3.469000000000106638e+02 9.663007590260901114e-02
3.470000000000106866e+02 9.671436106880906824e-02
3.471000000000107093e+02 9.679917080450903266e-02
3.472000000000107320e+02 9.688372739120906796e-02
3.473000000000107548e+02 9.696802873240903398e-02
3.474000000000107775e+02 9.705207174320905350e-02
3.475000000000108002e+02 9.713585234570902560e-02
3.476000000000108230e+02 9.721936546950898927e-02
3.477000000000108457e+02 9.730266036190901580e-02
3.478000000000108685e+02 9.738574636390899542e-02
3.479000000000108912e+02 9.746863284940901484e-02
3.480000000000109139e+02 9.755132922501039139e-02
3.481000000000109367e+02 9.764657112511038184e-02
3.482000000000109594e+02 9.774171615071042263e-02
3.483000000000109821e+02 9.783677398131042369e-02
3.484000000000110049e+02 9.793175433411045738e-02
3.485000000000110276e+02 9.802666696331428786e-02
3.486000000000110504e+02 9.815625033071430361e-02
3.487000000000110731e+02 9.828603523121438867e-02
3.488000000000110958e+02 9.841586772061437782e-02
3.489000000000111186e+02 9.854560304491442879e-02
3.490000000000111413e+02 9.867510570351195609e-02
3.491000000000111640e+02 9.878253157621191827e-02
3.492000000000111868e+02 9.888954597551191661e-02
3.493000000000112095e+02 9.899604218841184800e-02
3.494000000000112323e+02 9.910192310881184297e-02
3.495000000000112550e+02 9.920710129381174469e-02
3.496000000000112777e+02 9.931145814851165265e-02
3.497000000000113005e+02 9.941499675001161385e-02
3.498000000000113232e+02 9.951768934171151271e-02
3.499000000000113459e+02 9.961951817641147289e-02
3.500000000000113687e+02 9.972047556810520463e-02
3.501000000000113914e+02 9.976620643950509515e-02
3.502000000000114142e+02 9.981100513580501432e-02
3.503000000000114369e+02 9.985489576140491041e-02
3.504000000000114596e+02 9.989791260830484243e-02
3.505000000000114824e+02 9.994010017640871102e-02
3.506000000000115051e+02 1.000160188560086511e-01
3.507000000000115278e+02 1.000912588000086034e-01
3.508000000000115506e+02 1.001658809370085529e-01
3.509000000000115733e+02 1.002399575710085367e-01
3.510000000000115961e+02 1.003135724180052868e-01
3.511000000000116188e+02 1.003591636200052567e-01
3.512000000000116415e+02 1.004045616520052864e-01
3.513000000000116643e+02 1.004498849150052830e-01
3.514000000000116870e+02 1.004952632350053499e-01
3.515000000000117097e+02 1.005408378920094048e-01
3.516000000000117325e+02 1.006212149980093978e-01
3.517000000000117552e+02 1.007014569950094168e-01
3.518000000000117780e+02 1.007815671500094101e-01
3.519000000000118007e+02 1.008615477220094342e-01
3.520000000000118234e+02 1.009413999510151844e-01
3.521000000000118462e+02 1.010697862500151700e-01
3.522000000000118689e+02 1.011980658740152250e-01
3.523000000000118916e+02 1.013262367810152109e-01
3.524000000000119144e+02 1.014542958920152810e-01
3.525000000000119371e+02 1.015822390880111309e-01
3.526000000000119599e+02 1.016755012040111150e-01
3.527000000000119826e+02 1.017686775930111698e-01
3.528000000000120053e+02 1.018617783580111624e-01
3.529000000000120281e+02 1.019548136370111990e-01
3.530000000000120508e+02 1.020477936090087717e-01
3.531000000000120735e+02 1.021205374950087535e-01
3.532000000000120963e+02 1.021932441660087926e-01
3.533000000000121190e+02 1.022659239290087951e-01
3.534000000000121418e+02 1.023385871190088392e-01
3.535000000000121645e+02 1.024112441020046255e-01
3.536000000000121872e+02 1.024491791920045941e-01
3.537000000000122100e+02 1.024869867810046103e-01
3.538000000000122327e+02 1.025247020850046098e-01
3.539000000000122554e+02 1.025623562160046243e-01
3.540000000000122782e+02 1.025999761720104431e-01
3.541000000000123009e+02 1.026851359430104443e-01
3.542000000000123237e+02 1.027703019620105074e-01
3.543000000000123464e+02 1.028554888680105056e-01
3.544000000000123691e+02 1.029407071710105592e-01
3.545000000000123919e+02 1.030259632370105760e-01
3.546000000000124146e+02 1.031112592730105693e-01
3.547000000000124373e+02 1.031966520200106457e-01
3.548000000000124601e+02 1.032821527370106629e-01
3.549000000000124828e+02 1.033677695780107209e-01
3.550000000000125056e+02 1.034535075720089820e-01
3.551000000000125283e+02 1.035252767860089934e-01
3.552000000000125510e+02 1.035971661160090540e-01
3.553000000000125738e+02 1.036691710960090662e-01
3.554000000000125965e+02 1.037412840980091178e-01
3.555000000000126192e+02 1.038134943080091244e-01
3.556000000000126420e+02 1.038857877230091320e-01
3.557000000000126647e+02 1.039581471370091686e-01
3.558000000000126875e+02 1.040305521310091880e-01
3.559000000000127102e+02 1.041029790590092124e-01
3.560000000000127329e+02 1.041754010430045174e-01
3.561000000000127557e+02 1.042108791870045154e-01
3.562000000000127784e+02 1.042462914780045158e-01
3.563000000000128011e+02 1.042816013720044982e-01
3.564000000000128239e+02 1.043167691020044918e-01
3.565000000000128466e+02 1.043517516760089220e-01
3.566000000000128694e+02 1.044211712510089152e-01
3.567000000000128921e+02 1.044904881730089330e-01
3.568000000000129148e+02 1.045597022420089173e-01
3.569000000000129376e+02 1.046288132580089347e-01
3.570000000000129603e+02 1.046978210230121303e-01
3.571000000000129830e+02 1.047914403630121338e-01
3.572000000000130058e+02 1.048850232130121712e-01
3.573000000000130285e+02 1.049785694350121729e-01
3.574000000000130512e+02 1.050720788940122247e-01
3.575000000000130740e+02 1.051655514530122071e-01
3.576000000000130967e+02 1.052589869780122117e-01
3.577000000000131195e+02 1.053523853310122521e-01
3.578000000000131422e+02 1.054457463770122477e-01
3.579000000000131649e+02 1.055390699800122928e-01
3.580000000000131877e+02 1.056323560040094145e-01
3.581000000000132104e+02 1.057036675670093989e-01
3.582000000000132331e+02 1.057748734360094284e-01
3.583000000000132559e+02 1.058459734030094135e-01
3.584000000000132786e+02 1.059169672590094258e-01
3.585000000000133014e+02 1.059878547970047741e-01
3.586000000000133241e+02 1.060237543230047458e-01
3.587000000000133468e+02 1.060594620490047518e-01
3.588000000000133696e+02 1.060950213580047347e-01
3.589000000000133923e+02 1.061304724670047439e-01
3.590000000000134150e+02 1.061658524170119439e-01
3.591000000000134378e+02 1.062549439240119686e-01
3.592000000000134605e+02 1.063440959430120153e-01
3.593000000000134833e+02 1.064333361200120315e-01
3.594000000000135060e+02 1.065226889530121041e-01
3.595000000000135287e+02 1.066121757790121360e-01
3.596000000000135515e+02 1.067018147620121399e-01
3.597000000000135742e+02 1.067916208730122218e-01
3.598000000000135969e+02 1.068816058840122568e-01
3.599000000000136197e+02 1.069717783510123199e-01
3.600000000000136424e+02 1.070621436000063070e-01
3.601000000000136652e+02 1.071082936670063185e-01
3.602000000000136879e+02 1.071546268640063693e-01
3.603000000000137106e+02 1.072011385400064021e-01
3.604000000000137334e+02 1.072478207710064330e-01
3.605000000000137561e+02 1.072946623570112529e-01
3.606000000000137788e+02 1.073764444730112705e-01
3.607000000000138016e+02 1.074583331350113247e-01
3.608000000000138243e+02 1.075403220240113422e-01
3.609000000000138471e+02 1.076224004350113950e-01
3.610000000000138698e+02 1.077045532610161754e-01
3.611000000000138925e+02 1.078211973930161965e-01
3.612000000000139153e+02 1.079379417870162672e-01
3.613000000000139380e+02 1.080547581240162841e-01
3.614000000000139607e+02 1.081716135780163290e-01
3.615000000000139835e+02 1.082884707900163418e-01
3.616000000000140062e+02 1.084053324770163640e-01
3.617000000000140290e+02 1.085223215040164446e-01
3.618000000000140517e+02 1.086394271040164589e-01
3.619000000000140744e+02 1.087566384630165445e-01
3.620000000000140972e+02 1.088739447240107128e-01
3.621000000000141199e+02 1.089499269190107172e-01
3.622000000000141426e+02 1.090259525500107685e-01
3.623000000000141654e+02 1.091020106160107694e-01
3.624000000000141881e+02 1.091780900810108146e-01
3.625000000000142109e+02 1.092541798840157979e-01
3.626000000000142336e+02 1.093653106470157954e-01
3.627000000000142563e+02 1.094764267690158527e-01
3.628000000000142791e+02 1.095875319630158495e-01
3.629000000000143018e+02 1.096986288420159217e-01
3.630000000000143245e+02 1.098097189210160002e-01
3.631000000000143473e+02 1.099214441640160023e-01
3.632000000000143700e+02 1.100331644630160727e-01
3.633000000000143928e+02 1.101448779930160743e-01
3.634000000000144155e+02 1.102565818030161321e-01
3.635000000000144382e+02 1.103682718150110487e-01
3.636000000000144610e+02 1.104447699250110521e-01
3.637000000000144837e+02 1.105213085690111008e-01
3.638000000000145064e+02 1.105978838720110963e-01
3.639000000000145292e+02 1.106744930740111571e-01
3.640000000000145519e+02 1.107511345280158682e-01
3.641000000000145747e+02 1.108601169770158656e-01
3.642000000000145974e+02 1.109691578110159338e-01
3.643000000000146201e+02 1.110782587630159413e-01
3.644000000000146429e+02 1.111874227000160115e-01
3.645000000000146656e+02 1.112966536290160291e-01
3.646000000000146883e+02 1.114059567010160234e-01
3.647000000000147111e+02 1.115152748020161039e-01
3.648000000000147338e+02 1.116245965350160935e-01
3.649000000000147566e+02 1.117339104600161559e-01
3.650000000000147793e+02 1.118432050930144722e-01
3.651000000000148020e+02 1.119411657690144724e-01
3.652000000000148248e+02 1.120391029910145358e-01
3.653000000000148475e+02 1.121370052220145158e-01
3.654000000000148702e+02 1.122348608850145674e-01
3.655000000000148930e+02 1.123326583650198357e-01
3.656000000000149157e+02 1.124658515320198365e-01
3.657000000000149385e+02 1.125990365300199164e-01
3.658000000000149612e+02 1.127322358940199137e-01
3.659000000000149839e+02 1.128654722710199926e-01
3.660000000000150067e+02 1.129987684110195928e-01
3.661000000000150294e+02 1.131293053020196032e-01
3.662000000000150521e+02 1.132599428200196934e-01
3.663000000000150749e+02 1.133907040300197178e-01
3.664000000000150976e+02 1.135216121050198201e-01
3.665000000000151203e+02 1.136526903230144631e-01
3.666000000000151431e+02 1.137483063420144797e-01
3.667000000000151658e+02 1.138440671630145534e-01
3.668000000000151886e+02 1.139399615010145694e-01
3.669000000000152113e+02 1.140359780280146423e-01
3.670000000000152340e+02 1.141321053830203908e-01
3.671000000000152568e+02 1.142659349390204165e-01
3.672000000000152795e+02 1.143998963000204955e-01
3.673000000000153022e+02 1.145339780310205280e-01
3.674000000000153250e+02 1.146681686470206046e-01
3.675000000000153477e+02 1.148024566090206228e-01
3.676000000000153705e+02 1.149368303250206391e-01
3.677000000000153932e+02 1.150712781470207141e-01
3.678000000000154159e+02 1.152057883750207401e-01
3.679000000000154387e+02 1.153403492550208187e-01
3.680000000000154614e+02 1.154749489780196453e-01
3.681000000000154841e+02 1.156020103890196549e-01
3.682000000000155069e+02 1.157290933980197195e-01
3.683000000000155296e+02 1.158561860750197264e-01
3.684000000000155524e+02 1.159832764350197942e-01
3.685000000000155751e+02 1.161103524450254609e-01
3.686000000000155978e+02 1.162738324290255032e-01
3.687000000000156206e+02 1.164375820320256300e-01
3.688000000000156433e+02 1.166015138310256410e-01
3.689000000000156660e+02 1.167655481920257393e-01
3.690000000000156888e+02 1.169296133280195854e-01
3.691000000000157115e+02 1.170544507170195730e-01
3.692000000000157343e+02 1.171791425410196041e-01
3.693000000000157570e+02 1.173036411550195668e-01
3.694000000000157797e+02 1.174279070410195885e-01
3.695000000000158025e+02 1.175519088580253002e-01
3.696000000000158252e+02 1.177120442860252608e-01
3.697000000000158479e+02 1.178718644950252914e-01
3.698000000000158707e+02 1.180313425890252288e-01
3.699000000000158934e+02 1.181904587210252655e-01
3.700000000000159162e+02 1.183492001390292897e-01
3.701000000000159389e+02 1.185332896280292536e-01
3.702000000000159616e+02 1.187170555900292912e-01
3.703000000000159844e+02 1.189005065690292573e-01
3.704000000000160071e+02 1.190836584160293032e-01
3.705000000000160298e+02 1.192665343390234001e-01
3.706000000000160526e+02 1.194124830940233584e-01
3.707000000000160753e+02 1.195581894110234050e-01
3.708000000000160981e+02 1.197036829260233748e-01
3.709000000000161208e+02 1.198490019290234382e-01
3.710000000000161435e+02 1.199941934100289959e-01
3.711000000000161663e+02 1.201737873160289988e-01
3.712000000000161890e+02 1.203534344150291313e-01
3.713000000000162117e+02 1.205332081100291552e-01
3.714000000000162345e+02 1.207131908050293051e-01
3.715000000000162572e+02 1.208934739780233442e-01
3.716000000000162800e+02 1.210370487120233374e-01
3.717000000000163027e+02 1.211806234390234299e-01
3.718000000000163254e+02 1.213242100940234297e-01
3.719000000000163482e+02 1.214678206680235295e-01
3.720000000000163709e+02 1.216114672140285874e-01
3.721000000000163936e+02 1.217860989340285999e-01
3.722000000000164164e+02 1.219608404750287256e-01
3.723000000000164391e+02 1.221357040610287492e-01
3.724000000000164619e+02 1.223107019860288636e-01
3.725000000000164846e+02 1.224858466140227309e-01
3.726000000000165073e+02 1.226237764810227532e-01
3.727000000000165301e+02 1.227618166530228538e-01
3.728000000000165528e+02 1.228999796550228757e-01
3.729000000000165755e+02 1.230382780700229883e-01
3.730000000000165983e+02 1.231767245350349899e-01
3.731000000000166210e+02 1.233874750500350281e-01
3.732000000000166438e+02 1.235985354230352135e-01
3.733000000000166665e+02 1.238099187200352586e-01
3.734000000000166892e+02 1.240216380890354492e-01
3.735000000000167120e+02 1.242337067710291426e-01
3.736000000000167347e+02 1.244080857310291416e-01
3.737000000000167574e+02 1.245824880940292617e-01
3.738000000000167802e+02 1.247570075550292895e-01
3.739000000000168029e+02 1.249317294790294464e-01
3.740000000000168257e+02 1.251067308400350131e-01
3.741000000000168484e+02 1.253147224620350941e-01
3.742000000000168711e+02 1.255231885340352682e-01
3.743000000000168939e+02 1.257321807630353838e-01
3.744000000000169166e+02 1.259417422600355996e-01
3.745000000000169393e+02 1.261519074700292453e-01
3.746000000000169621e+02 1.263245491070293658e-01
3.747000000000169848e+02 1.264978274320295581e-01
3.748000000000170076e+02 1.266717714850296717e-01
3.749000000000170303e+02 1.268464027500298963e-01
3.750000000000170530e+02 1.270217351050419163e-01
3.751000000000170758e+02 1.272674573320420610e-01
3.752000000000170985e+02 1.275140358510423177e-01
3.753000000000171212e+02 1.277614624050424641e-01
3.754000000000171440e+02 1.280097208790427488e-01
3.755000000000171667e+02 1.282587872200362522e-01
3.756000000000171894e+02 1.284699505130363628e-01
3.757000000000172122e+02 1.286817110990365887e-01
3.758000000000172349e+02 1.288940376910366614e-01
3.759000000000172577e+02 1.291068896250368581e-01
3.760000000000172804e+02 1.293202167960428861e-01
3.761000000000173031e+02 1.295683153860429371e-01
3.762000000000173259e+02 1.298168519860431469e-01
3.763000000000173486e+02 1.300657478100431808e-01
3.764000000000173713e+02 1.303149142260433824e-01
3.765000000000173941e+02 1.305642526620365840e-01
3.766000000000174168e+02 1.307745660000366461e-01
3.767000000000174396e+02 1.309852032990368176e-01
3.768000000000174623e+02 1.311961519430368539e-01
3.769000000000174850e+02 1.314073992340370201e-01
3.770000000000175078e+02 1.316189323870436689e-01
3.771000000000175305e+02 1.318682621920437281e-01
3.772000000000175532e+02 1.321179473770439095e-01
3.773000000000175760e+02 1.323679750160439705e-01
3.774000000000175987e+02 1.326183320860441495e-01
3.775000000000176215e+02 1.328690054600372428e-01
3.776000000000176442e+02 1.330803274660372626e-01
3.777000000000176669e+02 1.332918368400374254e-01
3.778000000000176897e+02 1.335035200890374307e-01
3.779000000000177124e+02 1.337153636390376044e-01
3.780000000000177351e+02 1.339273538270487340e-01
3.781000000000177579e+02 1.342020950020487713e-01
3.782000000000177806e+02 1.344770902220489561e-01
3.783000000000178034e+02 1.347523255290490052e-01
3.784000000000178261e+02 1.350277868540492032e-01
3.785000000000178488e+02 1.353034600150420375e-01
3.786000000000178716e+02 1.355390675690420765e-01
3.787000000000178943e+02 1.357747833640422508e-01
3.788000000000179170e+02 1.360106344890422703e-01
3.789000000000179398e+02 1.362466482240424492e-01
3.790000000000179625e+02 1.364828520360484576e-01
3.791000000000179853e+02 1.367525806090485185e-01
3.792000000000180080e+02 1.370226046910120177e-01
3.793000000000180307e+02 1.370892760420119316e-01
3.794000000000180535e+02 1.371554961809982043e-01
3.795000000000180762e+02 1.371455585990054016e-01
3.796000000000180989e+02 1.371755421220066662e-01
3.797000000000181217e+02 1.372123914480065376e-01
3.798000000000181444e+02 1.372485172700064204e-01
3.799000000000181672e+02 1.372839035950063069e-01
3.800000000000181899e+02 1.373185344139979114e-01
3.801000000000182126e+02 1.373070262219977522e-01
3.802000000000182354e+02 1.372947251139990110e-01
3.803000000000182581e+02 1.372893206809988609e-01
3.804000000000182808e+02 1.372831228319973118e-01
3.805000000000183036e+02 1.372683805160045123e-01
3.806000000000183263e+02 1.372931428820057809e-01
3.807000000000183491e+02 1.373247358360056292e-01
3.808000000000183718e+02 1.373554263650054730e-01
3.809000000000183945e+02 1.373852156800053348e-01
3.810000000000184173e+02 1.374141035999965899e-01
3.811000000000184400e+02 1.373955724209964258e-01
3.812000000000184627e+02 1.373761353709976873e-01
3.813000000000184855e+02 1.373636588049975404e-01
3.814000000000185082e+02 1.373502986089958910e-01
3.815000000000185310e+02 1.373281473130031904e-01
3.816000000000185537e+02 1.373453771970044868e-01
3.817000000000185764e+02 1.373696824060043620e-01
3.818000000000185992e+02 1.373931547540042097e-01
3.819000000000186219e+02 1.374157884920040595e-01
3.820000000000186446e+02 1.374375792559991427e-01
3.821000000000186674e+02 1.374329066549989375e-01
3.822000000000186901e+02 1.374273089620002830e-01
3.823000000000187129e+02 1.374288280000001139e-01
3.824000000000187356e+02 1.374294580549984546e-01
3.825000000000187583e+02 1.374211267940058101e-01
3.826000000000187811e+02 1.374520452479934540e-01
3.827000000000188038e+02 1.374170681259931637e-01
3.828000000000188265e+02 1.373807636989499703e-01
3.829000000000188493e+02 1.371148038369493505e-01
3.830000000000188720e+02 1.368463563619458923e-01
3.831000000000188948e+02 1.365597452989454341e-01
3.832000000000189175e+02 1.362705914759447801e-01
3.833000000000189402e+02 1.359788664359442845e-01
3.834000000000189630e+02 1.356845433299451731e-01
3.835000000000189857e+02 1.353958628289447241e-01
3.836000000000190084e+02 1.351046836869426448e-01
3.837000000000190312e+02 1.348027168689420185e-01
3.838000000000190539e+02 1.344981924519415284e-01
3.839000000000190767e+02 1.341910803299408428e-01
3.840000000000190994e+02 1.338813560839366978e-01
3.841000000000191221e+02 1.335498791399362117e-01
3.842000000000191449e+02 1.332159323799355644e-01
3.843000000000191676e+02 1.328795081959350810e-01
3.844000000000191903e+02 1.325406044239360315e-01
3.845000000000192131e+02 1.322076709639428971e-01
3.846000000000192358e+02 1.319105174309407602e-01
3.847000000000192586e+02 1.316021655779400501e-01
3.848000000000192813e+02 1.312910576789395323e-01
3.849000000000193040e+02 1.309771933219388007e-01
3.850000000000193268e+02 1.306605760549388873e-01
3.851000000000193495e+02 1.303443428709383234e-01
3.852000000000193722e+02 1.300252282839375884e-01
3.853000000000193950e+02 1.297032489919370535e-01
3.854000000000194177e+02 1.293784254529379840e-01
3.855000000000194404e+02 1.290594296139446762e-01
3.856000000000194632e+02 1.287748250479424095e-01
3.857000000000194859e+02 1.284785253199416388e-01
3.858000000000195087e+02 1.281791900969410369e-01
3.859000000000195314e+02 1.278768337149402967e-01
3.860000000000195541e+02 1.275714729209294906e-01
3.861000000000195769e+02 1.272109444489289976e-01
3.862000000000195996e+02 1.268478411849282839e-01
3.863000000000196223e+02 1.264821888949277939e-01
3.864000000000196451e+02 1.261140155569288324e-01
3.865000000000196678e+02 1.257522096039283555e-01
3.866000000000196906e+02 1.253879837619261139e-01
3.867000000000197133e+02 1.250123334059253799e-01
3.868000000000197360e+02 1.246341128609248922e-01
3.869000000000197588e+02 1.242533181619241561e-01
3.870000000000197815e+02 1.238699453429298464e-01
3.871000000000198042e+02 1.235152827699292910e-01
3.872000000000198270e+02 1.231578172809285332e-01
3.873000000000198497e+02 1.227975431439279758e-01
3.874000000000198725e+02 1.224344546199289951e-01
3.875000000000198952e+02 1.220776102399215163e-01
3.876000000000199179e+02 1.216831773309191983e-01
3.877000000000199407e+02 1.212771007299184717e-01
3.878000000000199634e+02 1.208684409529179604e-01
3.879000000000199861e+02 1.204571942439171955e-01
3.880000000000200089e+02 1.200433568439212839e-01
3.881000000000200316e+02 1.196499294409207187e-01
3.882000000000200544e+02 1.192536706079199288e-01
3.883000000000200771e+02 1.188545761679193485e-01
3.884000000000200998e+02 1.184526419449204171e-01
3.885000000000201226e+02 1.180571304079265776e-01
3.886000000000201453e+02 1.176922273269240676e-01
3.887000000000201680e+02 1.173148600339232184e-01
3.888000000000201908e+02 1.169343376279225882e-01
3.889000000000202135e+02 1.165506983959217480e-01
3.890000000000202363e+02 1.161639765159131477e-01
3.891000000000202590e+02 1.157348276389126157e-01
3.892000000000202817e+02 1.153029639699118258e-01
3.893000000000203045e+02 1.148684101719112810e-01
3.894000000000203272e+02 1.144311869589124120e-01
3.895000000000203499e+02 1.140008017379118693e-01
3.896000000000203727e+02 1.135677721909094107e-01
3.897000000000203954e+02 1.131225922829086211e-01
3.898000000000204182e+02 1.126747738959080758e-01
3.899000000000204409e+02 1.122243333249072772e-01
3.900000000000204636e+02 1.117712819369105492e-01
3.901000000000204864e+02 1.113341187049099873e-01
3.902000000000205091e+02 1.108942399069091644e-01
3.903000000000205318e+02 1.104516406119086108e-01
3.904000000000205546e+02 1.100063113139097964e-01
3.905000000000205773e+02 1.095679480479028883e-01
3.906000000000206001e+02 1.090960154849003744e-01
3.907000000000206228e+02 1.086118791308995774e-01
3.908000000000206455e+02 1.081252240038990536e-01
3.909000000000206683e+02 1.076360210178982507e-01
3.910000000000206910e+02 1.071442371068997840e-01
3.911000000000207137e+02 1.066599223728992019e-01
3.912000000000207365e+02 1.061727986578983457e-01
3.913000000000207592e+02 1.056828219058977281e-01
3.914000000000207820e+02 1.051899445018989188e-01
3.915000000000208047e+02 1.047040342938983098e-01
3.916000000000208274e+02 1.042152037818956378e-01
3.917000000000208502e+02 1.037135943028947571e-01
3.918000000000208729e+02 1.032090986508941433e-01
3.919000000000208956e+02 1.027016911028932333e-01
3.920000000000209184e+02 1.021913463378954501e-01
3.921000000000209411e+02 1.016915085048947925e-01
3.922000000000209639e+02 1.011885797518938673e-01
3.923000000000209866e+02 1.006825340858931994e-01
3.924000000000210093e+02 1.001733459298943807e-01
3.925000000000210321e+02 9.967113167118785144e-02
3.926000000000210548e+02 9.913793120418513960e-02
3.927000000000210775e+02 9.859175084208421369e-02
3.928000000000211003e+02 9.804272588228361840e-02
3.929000000000211230e+02 9.749085114818270559e-02
3.930000000000211458e+02 9.693612250988647983e-02
3.931000000000211685e+02 9.639926234628581891e-02
3.932000000000211912e+02 9.585925376598483649e-02
3.933000000000212140e+02 9.531609481878415557e-02
3.934000000000212367e+02 9.476978449038538088e-02
3.935000000000212594e+02 9.423067769429027685e-02
3.936000000000212822e+02 9.371458564348732201e-02
3.937000000000213049e+02 9.318459114528626630e-02
3.938000000000213277e+02 9.265108854838553787e-02
3.939000000000213504e+02 9.211411431678449835e-02
3.940000000000213731e+02 9.157370208767467989e-02
3.941000000000213959e+02 9.098736073907408295e-02
3.942000000000214186e+02 9.039823970497315453e-02
3.943000000000214413e+02 8.980636713277256877e-02
3.944000000000214641e+02 8.921176845627393215e-02
3.945000000000214868e+02 8.862505233337335253e-02
3.946000000000215095e+02 8.803562234467048053e-02
3.947000000000215323e+02 8.743284615736954257e-02
3.948000000000215550e+02 8.682733597896896693e-02
3.949000000000215778e+02 8.621911281556803031e-02
3.950000000000216005e+02 8.560819250396327351e-02
3.951000000000216232e+02 8.497519921506276053e-02
3.952000000000216460e+02 8.433985062746188199e-02
3.953000000000216687e+02 8.370214864846137193e-02
3.954000000000216914e+02 8.306209061466283960e-02
3.955000000000217142e+02 8.243045313276237129e-02
3.956000000000217369e+02 8.179664681335954701e-02
3.957000000000217597e+02 8.114977151885865991e-02
3.958000000000217824e+02 8.050053403255812146e-02
3.959000000000218051e+02 7.984885950665721044e-02
3.960000000000218279e+02 7.919467516356459846e-02
3.961000000000218506e+02 7.857434818186387337e-02
3.962000000000218733e+02 7.795072443646279547e-02
3.963000000000218961e+02 7.732373470286202366e-02
3.964000000000219188e+02 7.669331179466332138e-02
3.965000000000219416e+02 7.607038977835799132e-02
3.966000000000219643e+02 7.542316068615491365e-02
3.967000000000219870e+02 7.476187285515384362e-02
3.968000000000220098e+02 7.409747087005313926e-02
3.969000000000220325e+02 7.342990652575205612e-02
3.970000000000220552e+02 7.275913783414919567e-02
3.971000000000220780e+02 7.207536925074851941e-02
3.972000000000221007e+02 7.138854528504744168e-02
3.973000000000221235e+02 7.069864178874675498e-02
3.974000000000221462e+02 7.000564008354816237e-02
3.975000000000221689e+02 6.932072920564748275e-02
3.976000000000221917e+02 6.863273714844432549e-02
3.977000000000222144e+02 6.793049619104324366e-02
3.978000000000222371e+02 6.722522998624258506e-02
3.979000000000222599e+02 6.651696456964151238e-02
3.980000000000222826e+02 6.580573050904051091e-02
3.981000000000223054e+02 6.508997378013987867e-02
3.982000000000223281e+02 6.437135708193883477e-02
3.983000000000223508e+02 6.364992298633821710e-02
3.984000000000223736e+02 6.292571738193974973e-02
3.985000000000223963e+02 6.221018297084295046e-02
3.986000000000224190e+02 6.150895074793968215e-02
3.987000000000224418e+02 6.079312276473856219e-02
3.988000000000224645e+02 6.007410309203784632e-02
3.989000000000224873e+02 5.935190325313671744e-02
3.990000000000225100e+02 5.862653591363223282e-02
3.991000000000225327e+02 5.788121381943162058e-02
3.992000000000225555e+02 5.713319497143059394e-02
3.993000000000225782e+02 5.638249675412999179e-02
3.994000000000226009e+02 5.562913719223158693e-02
3.995000000000226237e+02 5.488473346083100335e-02
3.996000000000226464e+02 5.413774367532776799e-02
3.997000000000226692e+02 5.337645981102671910e-02
3.998000000000226919e+02 5.261247741292611468e-02
3.999000000000227146e+02 5.184579339142506016e-02
4.000000000000227374e+02 5.107640465552399506e-02
4.001000000000227601e+02 5.030232446422339132e-02
4.002000000000227828e+02 4.952559498542234012e-02
4.003000000000228056e+02 4.874621342042174260e-02
4.004000000000228283e+02 4.796417697002338526e-02
4.005000000000228511e+02 4.719126886492278072e-02
4.006000000000228738e+02 4.641573743541947683e-02
4.007000000000228965e+02 4.562575671031842556e-02
4.008000000000229193e+02 4.483310991701781184e-02
4.009000000000229420e+02 4.403779425091674388e-02
4.010000000000229647e+02 4.323980690601732929e-02
4.011000000000229875e+02 4.244436799011666595e-02
4.012000000000230102e+02 4.164605951231555719e-02
4.013000000000230330e+02 4.084487732701488905e-02
4.014000000000230557e+02 4.004081728651653904e-02
4.015000000000230784e+02 3.924585505021346149e-02
4.016000000000231012e+02 3.843757646691013663e-02
4.017000000000231239e+02 3.761488159580910623e-02
4.018000000000231466e+02 3.678974771160853363e-02
4.019000000000231694e+02 3.596217227870750210e-02
4.020000000000231921e+02 3.513215276070705967e-02
4.021000000000232149e+02 3.430021044950647829e-02
4.022000000000232376e+02 3.346579313150543217e-02
4.023000000000232603e+02 3.262889818060485392e-02
4.024000000000232831e+02 3.178952296950662837e-02
4.025000000000233058e+02 3.095981550400605728e-02
4.026000000000233285e+02 3.012765700140264749e-02
4.027000000000233513e+02 2.928085974060158289e-02
4.028000000000233740e+02 2.843157172390100434e-02
4.029000000000233968e+02 2.757979031899993050e-02
4.030000000000234195e+02 2.672551289189969981e-02
4.031000000000234422e+02 2.587023325639908888e-02
4.032000000000234650e+02 2.501235300799799222e-02
4.033000000000234877e+02 2.415186906519737817e-02
4.034000000000235104e+02 2.328877834545139275e-02
4.035000000000235332e+02 2.265729352915094030e-02
4.036000000000235559e+02 2.202388281369994580e-02
4.037000000000235787e+02 2.159872036039939269e-02
4.038000000000236014e+02 2.117224313430200733e-02
4.039000000000236241e+02 2.075684912510146821e-02
4.040000000000236469e+02 2.034017349260067858e-02
4.041000000000236696e+02 1.992015630190039494e-02
4.042000000000236923e+02 1.949894152719691687e-02
4.043000000000237151e+02 1.906405969639662565e-02
4.044000000000237378e+02 1.862794417859905266e-02
4.045000000000237605e+02 1.820309591399990948e-02
4.046000000000237833e+02 1.778184873799658686e-02
4.047000000000238060e+02 1.734662202019598976e-02
4.048000000000238288e+02 1.690991589079863383e-02
4.049000000000238515e+02 1.648431179729804852e-02
4.050000000000238742e+02 1.605726504719681702e-02
4.051000000000238970e+02 1.562507669299652291e-02
4.052000000000239197e+02 1.519164930919295053e-02
4.053000000000239424e+02 1.474432554809264502e-02
4.054000000000239652e+02 1.429572532439512753e-02
4.055000000000239879e+02 1.385853829619482919e-02
4.056000000000240107e+02 1.342010711419147802e-02
4.057000000000240334e+02 1.296770458959091259e-02
4.058000000000240561e+02 1.251402037889367234e-02
4.059000000000240789e+02 1.207181407189312008e-02
4.060000000000241016e+02 1.162835847809291084e-02
4.061000000000241243e+02 1.118402902969260065e-02
4.062000000000241471e+02 1.073841762688893843e-02
4.063000000000241698e+02 1.027869054888861863e-02
4.064000000000241926e+02 9.817642729911152041e-03
4.065000000000242153e+02 9.368141057370840685e-03
4.066000000000242380e+02 8.917351808487402470e-03
4.067000000000242608e+02 8.452369202156816835e-03
4.068000000000242835e+02 7.986060123719634918e-03
4.069000000000243062e+02 7.531363619469062971e-03
4.070000000000243290e+02 7.075373906318465841e-03
4.071000000000243517e+02 6.616931734918190047e-03
4.072000000000243745e+02 6.157355792544480337e-03
4.073000000000243972e+02 5.683638912274194960e-03
4.074000000000244199e+02 5.208754309876826791e-03
4.075000000000244427e+02 4.745738568066548008e-03
4.076000000000244654e+02 4.281584518423075039e-03
4.077000000000244881e+02 3.803221540932516086e-03
4.078000000000245109e+02 3.323686216835438235e-03
4.079000000000245336e+02 2.856078661784891819e-03
4.080000000000245564e+02 2.387328254334616928e-03
4.081000000000245791e+02 1.917457598284332682e-03
4.082000000000246018e+02 1.446430171960539626e-03
4.083000000000246246e+02 9.610793209542463529e-04
4.084000000000246473e+02 4.745370988035373734e-04
