3.864000000000196451e+02 6.613252266266530378e-14
3.865000000000196678e+02 1.683074093702471733e-04
3.866000000000196906e+02 3.373508485398894904e-04
3.867000000000197133e+02 6.672781301883605161e-04
3.868000000000197360e+02 9.986421979024068078e-04
3.869000000000197588e+02 1.340380994327893850e-03
3.870000000000197815e+02 1.683599604266512728e-03
3.871000000000198042e+02 2.019837097536832365e-03
3.872000000000198270e+02 2.357690203829135387e-03
3.873000000000198497e+02 2.706182542059465575e-03
3.874000000000198725e+02 3.056340152399996540e-03
3.875000000000198952e+02 3.408166131000115069e-03
3.876000000000199179e+02 3.760587893158597126e-03
3.877000000000199407e+02 4.105379601509079671e-03
3.878000000000199634e+02 4.451607485821190355e-03
3.879000000000199861e+02 4.808414978711689387e-03
3.880000000000200089e+02 5.166701256250360447e-03
3.881000000000200316e+02 5.518349136360675873e-03
3.882000000000200544e+02 5.871572916313044788e-03
3.883000000000200771e+02 6.235599029223369907e-03
3.884000000000200998e+02 6.601247763842040157e-03
3.885000000000201226e+02 6.959254704752777625e-03
3.886000000000201453e+02 7.320924781785010348e-03
3.887000000000201680e+02 7.693693877745592935e-03
3.888000000000201908e+02 8.068301206854075480e-03
3.889000000000202135e+02 8.435390734744649746e-03
3.890000000000202363e+02 8.804283288116287326e-03
3.891000000000202590e+02 9.181272191946613856e-03
3.892000000000202817e+02 9.559869621257157182e-03
3.893000000000203045e+02 9.940081229137484944e-03
3.894000000000203272e+02 1.032191275957610246e-02
3.895000000000203499e+02 1.069587941727642537e-02
3.896000000000203727e+02 1.107143105797868919e-02
3.897000000000203954e+02 1.145810701327924265e-02
3.898000000000204182e+02 1.184642357407762574e-02
3.899000000000204409e+02 1.222681287077817189e-02
3.900000000000204636e+02 1.260881391368091214e-02
3.901000000000204864e+02 1.300420980488128063e-02
3.902000000000205091e+02 1.340140788327989427e-02
3.903000000000205318e+02 1.379075082298025952e-02
3.904000000000205546e+02 1.418186331148284414e-02
3.905000000000205773e+02 1.458446100408234726e-02
3.906000000000206001e+02 1.498464715028267891e-02
3.907000000000206228e+02 1.538643911218323841e-02
3.908000000000206455e+02 1.578983932708154930e-02
3.909000000000206683e+02 1.618505801368209929e-02
3.910000000000206910e+02 1.658184621908478928e-02
3.911000000000207137e+02 1.699164246908513656e-02
3.912000000000207365e+02 1.740311513188367090e-02
3.913000000000207592e+02 1.780638518808400420e-02
3.914000000000207820e+02 1.821128132152584692e-02
3.915000000000208047e+02 1.881617592452636267e-02
3.916000000000208274e+02 1.942355095326418757e-02
3.917000000000208502e+02 2.021274448616532105e-02
3.918000000000208729e+02 2.100521798856600647e-02
3.919000000000208956e+02 2.180097271476714310e-02
3.920000000000209184e+02 2.260000928656848151e-02
3.921000000000209411e+02 2.340542774096921255e-02
3.922000000000209639e+02 2.421434856917040884e-02
3.923000000000209866e+02 2.502677248607114088e-02
3.924000000000210093e+02 2.584269954647233983e-02
3.925000000000210321e+02 2.666212913797145687e-02
3.926000000000210548e+02 2.747734378637209721e-02
3.927000000000210775e+02 2.829561867127321217e-02
3.928000000000211003e+02 2.911695522077385745e-02
3.929000000000211230e+02 2.994135504007497395e-02
3.930000000000211458e+02 3.076881995177922768e-02
3.931000000000211685e+02 3.161641231287996151e-02
3.932000000000211912e+02 3.246746135327898547e-02
3.933000000000212140e+02 3.331166061257971600e-02
3.934000000000212367e+02 3.415927905908092144e-02
3.935000000000212594e+02 3.501032102068378504e-02
3.936000000000212822e+02 3.587479042848460559e-02
3.937000000000213049e+02 3.674313694448592960e-02
3.938000000000213277e+02 3.761538226858676670e-02
3.939000000000213504e+02 3.849154896178810792e-02
3.940000000000213731e+02 3.937166037608493679e-02
3.941000000000213959e+02 4.023693628028562203e-02
3.942000000000214186e+02 4.110541609918681033e-02
3.943000000000214413e+02 4.197712193958750421e-02
3.944000000000214641e+02 4.285207636938870301e-02
3.945000000000214868e+02 4.373030234038940284e-02
3.946000000000215095e+02 4.461178645619010702e-02
3.947000000000215323e+02 4.549653754759131613e-02
3.948000000000215550e+02 4.638458125199432930e-02
3.949000000000215778e+02 4.728661155829557566e-02
3.950000000000216005e+02 4.819202445209157248e-02
3.951000000000216232e+02 4.907893358629222130e-02
3.952000000000216460e+02 4.996884052749338279e-02
3.953000000000216687e+02 5.086176268549404134e-02
3.954000000000216914e+02 5.175771535509521293e-02
3.955000000000217142e+02 5.265671149289589958e-02
3.956000000000217369e+02 5.355887148769657852e-02
3.957000000000217597e+02 5.446416856369776932e-02
3.958000000000217824e+02 5.537257310029843754e-02
3.959000000000218051e+02 5.628405260809962035e-02
3.960000000000218279e+02 5.719857170530616430e-02
3.961000000000218506e+02 5.814305520440699038e-02
3.962000000000218733e+02 5.909132572980834580e-02
3.963000000000218961e+02 6.004334193180915769e-02
3.964000000000219188e+02 6.099905938171291259e-02
3.965000000000219416e+02 6.196942973050990899e-02
3.966000000000219643e+02 6.292610279400819018e-02
3.967000000000219870e+02 6.387497186110943637e-02
3.968000000000220098e+02 6.482699004231011475e-02
3.969000000000220325e+02 6.578211248831132563e-02
3.970000000000220552e+02 6.674029584670997106e-02
3.971000000000220780e+02 6.769233244261058102e-02
3.972000000000221007e+02 6.864711816431172398e-02
3.973000000000221235e+02 6.960461575201232209e-02
3.974000000000221462e+02 7.056479056421344209e-02
3.975000000000221689e+02 7.152761085691401732e-02
3.976000000000221917e+02 7.249304806801462608e-02
3.977000000000222144e+02 7.346116045231576575e-02
3.978000000000222371e+02 7.443195480971637190e-02
3.979000000000222599e+02 7.540544482831751383e-02
3.980000000000222826e+02 7.638165148452023823e-02
3.981000000000223054e+02 7.737003317092085164e-02
3.982000000000223281e+02 7.836118706501950248e-02
3.983000000000223508e+02 7.934380230332013784e-02
3.984000000000223736e+02 8.032925093212135714e-02
3.985000000000223963e+02 8.131759631272710009e-02
3.986000000000224190e+02 8.233157995532784657e-02
3.987000000000224418e+02 8.334891544522918250e-02
3.988000000000224645e+02 8.436961979552994040e-02
3.989000000000224873e+02 8.539371338723128479e-02
3.990000000000225100e+02 8.642122013102636335e-02
3.991000000000225327e+02 8.742679061372701788e-02
3.992000000000225555e+02 8.843526058102824106e-02
3.993000000000225782e+02 8.944666339782891828e-02
3.994000000000226009e+02 9.046103658413016946e-02
3.995000000000226237e+02 9.147842198023085902e-02
3.996000000000226464e+02 9.249886591153151649e-02
3.997000000000226692e+02 9.352226019313278349e-02
3.998000000000226919e+02 9.454860805913610500e-02
3.999000000000227146e+02 9.558958709613737947e-02
4.000000000000227374e+02 9.663356412043451471e-02
4.001000000000227601e+02 9.766497874563517811e-02
4.002000000000227828e+02 9.869927906483642877e-02
4.003000000000228056e+02 9.973646799973708010e-02
4.004000000000228283e+02 1.007765484732383310e-01
4.005000000000228511e+02 1.018195234092389850e-01
4.006000000000228738e+02 1.028653957312396505e-01
4.007000000000228965e+02 1.039141683682409251e-01
4.008000000000229193e+02 1.049658442442415879e-01
4.009000000000229420e+02 1.060204262892428528e-01
4.010000000000229647e+02 1.070779174332465861e-01
4.011000000000229875e+02 1.081516290072472991e-01
4.012000000000230102e+02 1.092285315902486592e-01
4.013000000000230330e+02 1.103086295322494026e-01
4.014000000000230557e+02 1.113919271842535030e-01
4.015000000000230784e+02 1.124904087072471220e-01
4.016000000000231012e+02 1.135612043822449707e-01
4.017000000000231239e+02 1.146226717692461899e-01
4.018000000000231466e+02 1.156867933292468065e-01
4.019000000000231694e+02 1.167535717112480192e-01
4.020000000000231921e+02 1.178230095692490709e-01
4.021000000000232149e+02 1.188969253392496844e-01
4.022000000000232376e+02 1.199735374902509283e-01
4.023000000000232603e+02 1.210528487662515668e-01
4.024000000000232831e+02 1.221348619142527958e-01
4.025000000000233058e+02 1.232195796832534357e-01
4.026000000000233285e+02 1.243070048192540661e-01
4.027000000000233513e+02 1.253971400732553365e-01
4.028000000000233740e+02 1.264899881952559757e-01
4.029000000000233968e+02 1.275855519382572134e-01
4.030000000000234195e+02 1.286838340552624860e-01
4.031000000000234422e+02 1.298046000272631562e-01
4.032000000000234650e+02 1.309282541192615945e-01
4.033000000000234877e+02 1.320425085872622695e-01
4.034000000000235104e+02 1.331596216412635758e-01
4.035000000000235332e+02 1.342795965272642333e-01
4.036000000000235559e+02 1.354024364932649160e-01
4.037000000000235787e+02 1.365281447872662424e-01
4.038000000000236014e+02 1.376567246602669048e-01
4.039000000000236241e+02 1.387881793662682217e-01
4.040000000000236469e+02 1.399225121602654942e-01
4.041000000000236696e+02 1.410451516452660981e-01
4.042000000000236923e+02 1.421704433972673653e-01
4.043000000000237151e+02 1.432983898592680161e-01
4.044000000000237378e+02 1.444289934722692570e-01
4.045000000000237605e+02 1.455622566822793451e-01
4.046000000000237833e+02 1.467378193772800876e-01
4.047000000000238060e+02 1.479166402652815626e-01
4.048000000000238288e+02 1.490987234732853162e-01
4.049000000000238515e+02 1.502966565722868020e-01
4.050000000000238742e+02 1.514979009972759472e-01
4.051000000000238970e+02 1.526537177742766094e-01
4.052000000000239197e+02 1.538122895972779125e-01
4.053000000000239424e+02 1.549736191762785820e-01
4.054000000000239652e+02 1.561377092192799132e-01
4.055000000000239879e+02 1.573045624402805709e-01
4.056000000000240107e+02 1.584741815502812290e-01
4.057000000000240334e+02 1.596465692632825506e-01
4.058000000000240561e+02 1.608217282942832060e-01
4.059000000000240789e+02 1.619996613592845913e-01
4.060000000000241016e+02 1.631803711742865759e-01
4.061000000000241243e+02 1.643693968992872567e-01
4.062000000000241471e+02 1.655612837032886253e-01
4.063000000000241698e+02 1.667560345642893349e-01
4.064000000000241926e+02 1.679536524652938123e-01
4.065000000000242153e+02 1.691670087132945144e-01
4.066000000000242380e+02 1.703832740102921017e-01
4.067000000000242608e+02 1.715895469992934907e-01
4.068000000000242835e+02 1.727986989932941697e-01
4.069000000000243062e+02 1.740107329802955682e-01
4.070000000000243290e+02 1.752256519492887687e-01
4.071000000000243517e+02 1.764125898102893719e-01
4.072000000000243745e+02 1.776020430362906799e-01
4.073000000000243972e+02 1.787940140282912871e-01
4.074000000000244199e+02 1.799885051862925578e-01
4.075000000000244427e+02 1.811855189112931974e-01
4.076000000000244654e+02 1.823850576062938100e-01
4.077000000000244881e+02 1.835871236732951328e-01
4.078000000000245109e+02 1.847917195182957328e-01
4.079000000000245336e+02 1.859988475452970524e-01
4.080000000000245564e+02 1.872085101603014889e-01
4.081000000000245791e+02 1.884361755033021057e-01
4.082000000000246018e+02 1.896664436723002056e-01
4.083000000000246246e+02 1.908861517543008479e-01
4.084000000000246473e+02 1.921084355473021699e-01
4.085000000000246700e+02 1.933332975803028209e-01
4.086000000000246928e+02 1.945607403813034431e-01
4.087000000000247155e+02 1.957907664823047844e-01
4.088000000000247383e+02 1.970233784133054167e-01
4.089000000000247610e+02 1.982585787083067930e-01
4.090000000000247837e+02 1.994963699003069746e-01
4.091000000000248065e+02 2.007349670673076181e-01
4.092000000000248292e+02 2.019761375943089354e-01
4.093000000000248519e+02 2.032198839433095872e-01
4.094000000000248747e+02 2.044662085733109369e-01
4.095000000000248974e+02 2.057151139463115896e-01
4.096000000000249202e+02 2.069666025273122212e-01
4.097000000000249429e+02 2.082206767773135958e-01
4.098000000000249656e+02 2.094773391633175663e-01
4.099000000000249884e+02 2.107500157203189561e-01
4.100000000000250111e+02 2.120253176863219347e-01
4.101000000000250338e+02 2.133124527323226327e-01
4.102000000000250566e+02 2.146024062763240703e-01
4.103000000000250793e+02 2.158951808623247592e-01
4.104000000000251021e+02 2.171907790403262428e-01
4.105000000000251248e+02 2.184892033573415937e-01
4.106000000000251475e+02 2.198488181413424669e-01
4.107000000000251703e+02 2.212119255503441351e-01
4.108000000000251930e+02 2.225785298663449929e-01
4.109000000000252157e+02 2.239486353703466770e-01
4.110000000000252385e+02 2.253222463483280369e-01
4.111000000000252612e+02 2.266219733543287096e-01
4.112000000000252840e+02 2.279243985413301199e-01
4.113000000000253067e+02 2.292295246003308307e-01
4.114000000000253294e+02 2.305373542223357330e-01
4.115000000000253522e+02 2.318616080993364248e-01
4.116000000000253749e+02 2.331886044323336349e-01
4.117000000000253976e+02 2.345045944363350621e-01
4.118000000000254204e+02 2.358232988063357627e-01
4.119000000000254431e+02 2.371447202403371979e-01
4.120000000000254659e+02 2.384688614383246308e-01
4.121000000000254886e+02 2.397436009063251827e-01
4.122000000000255113e+02 2.410205483042275332e-01
4.123000000000255341e+02 2.419120923552278979e-01
4.124000000000255568e+02 2.428050734151933066e-01
4.125000000000255795e+02 2.435607826881935889e-01
4.126000000000256023e+02 2.443176543281974644e-01
4.127000000000256250e+02 2.450895879391981891e-01
4.128000000000256478e+02 2.458627134611985066e-01
4.129000000000256705e+02 2.466370318271992601e-01
4.130000000000256932e+02 2.474125439722095476e-01
4.131000000000257160e+02 2.482281984102099326e-01
4.132000000000257387e+02 2.490453074532143762e-01
4.133000000000257614e+02 2.498778633882147715e-01
4.134000000000257842e+02 2.507119104492119832e-01
4.135000000000258069e+02 2.515334253142124110e-01
4.136000000000258296e+02 2.523564002732163747e-01
4.137000000000258524e+02 2.531948952652172680e-01
4.138000000000258751e+02 2.540348869702139800e-01
4.139000000000258979e+02 2.548622843232148383e-01
4.140000000000259206e+02 2.556911472682162900e-01
4.141000000000259433e+02 2.565254148172165793e-01
4.142000000000259661e+02 2.573611203142137649e-01
4.143000000000259888e+02 2.581841063012141890e-01
4.144000000000260115e+02 2.590084998502187319e-01
4.145000000000260343e+02 2.598484938022190271e-01
4.146000000000260570e+02 2.606899307012194300e-01
4.147000000000260798e+02 2.615328118042202776e-01
4.148000000000261025e+02 2.623771383672169333e-01
4.149000000000261252e+02 2.632086540972177757e-01
4.150000000000261480e+02 2.640415847822195627e-01
4.151000000000261707e+02 2.648811251312198634e-01
4.152000000000261934e+02 2.657220579662170068e-01
4.153000000000262162e+02 2.665500622222173321e-01
4.154000000000262389e+02 2.673794290782219307e-01
4.155000000000262617e+02 2.682245139222222963e-01
4.156000000000262844e+02 2.690709956911849221e-01
4.157000000000263071e+02 2.697750108391855917e-01
4.158000000000263299e+02 2.704801032370796054e-01
4.159000000000263526e+02 2.707825510630798016e-01
4.160000000000263753e+02 2.710851754120754409e-01
4.161000000000263981e+02 2.713711658410755123e-01
4.162000000000264208e+02 2.716573430670757294e-01
4.163000000000264436e+02 2.719437071590757315e-01
4.164000000000264663e+02 2.722302581850759573e-01
4.165000000000264890e+02 2.725169962130760126e-01
4.166000000000265118e+02 2.728039213120760365e-01
4.167000000000265345e+02 2.730910335490762675e-01
4.168000000000265572e+02 2.733783329930763450e-01
4.169000000000265800e+02 2.736658197120765412e-01
4.170000000000266027e+02 2.739534937750799926e-01
4.171000000000266255e+02 2.742541744540800686e-01
4.172000000000266482e+02 2.745550246940802741e-01
4.173000000000266709e+02 2.748560445360802573e-01
4.174000000000266937e+02 2.751572340210804990e-01
4.175000000000267164e+02 2.754585931900805362e-01
4.176000000000267391e+02 2.757601220850806056e-01
4.177000000000267619e+02 2.760618207450808437e-01
4.178000000000267846e+02 2.763636892120808763e-01
4.179000000000268074e+02 2.766657275280811068e-01
4.180000000000268301e+02 2.769679357330757097e-01
4.181000000000268528e+02 2.772501358610757749e-01
4.182000000000268756e+02 2.775325097280759712e-01
4.183000000000268983e+02 2.778150573940759704e-01
4.184000000000269210e+02 2.780977789130762434e-01
4.185000000000269438e+02 2.783806743430762842e-01
4.186000000000269665e+02 2.786637437410763307e-01
4.187000000000269893e+02 2.789469871630765319e-01
4.188000000000270120e+02 2.792304046670765483e-01
4.189000000000270347e+02 2.795139963080767731e-01
4.190000000000270575e+02 2.797977621440736473e-01
4.191000000000270802e+02 2.800699141630736411e-01
4.192000000000271029e+02 2.803422195810738593e-01
4.193000000000271257e+02 2.806146784400739280e-01
4.194000000000271484e+02 2.808872907810741060e-01
4.195000000000271712e+02 2.811600566480741414e-01
4.196000000000271939e+02 2.814329760850742268e-01
4.197000000000272166e+02 2.817060491320743654e-01
4.198000000000272394e+02 2.819792758340744498e-01
4.199000000000272621e+02 2.822526562330746058e-01
4.200000000000272848e+02 2.825261903730857393e-01
4.201000000000273076e+02 2.828404248720857717e-01
4.202000000000273303e+02 2.831548474960860484e-01
4.203000000000273531e+02 2.834694582960861076e-01
4.204000000000273758e+02 2.837842573260863088e-01
4.205000000000273985e+02 2.840992446390863679e-01
4.206000000000274213e+02 2.844144202870864113e-01
4.207000000000274440e+02 2.847297843260866435e-01
4.208000000000274667e+02 2.850453368070867133e-01
4.209000000000274895e+02 2.853610777840869250e-01
4.210000000000275122e+02 2.856770073100747265e-01
4.211000000000275350e+02 2.859485499980747858e-01
4.212000000000275577e+02 2.862202401890749370e-01
4.213000000000275804e+02 2.864920779230750170e-01
4.214000000000276032e+02 2.867640632350751395e-01
4.215000000000276259e+02 2.870361961670752082e-01
4.216000000000276486e+02 2.873084767550752594e-01
4.217000000000276714e+02 2.875809050390754629e-01
4.218000000000276941e+02 2.878534810560754997e-01
4.219000000000277169e+02 2.881262048450757285e-01
4.220000000000277396e+02 2.883990764450774513e-01
4.221000000000277623e+02 2.886781777110774549e-01
4.222000000000277851e+02 2.889574364530776429e-01
4.223000000000278078e+02 2.892368527140777301e-01
4.224000000000278305e+02 2.895164265360779532e-01
4.225000000000278533e+02 2.897961579630779494e-01
4.226000000000278760e+02 2.900760470360779775e-01
4.227000000000278987e+02 2.903560937990782298e-01
4.228000000000279215e+02 2.906362982950782547e-01
4.229000000000279442e+02 2.909166605650784221e-01
4.230000000000279670e+02 2.911971806530565532e-01
4.231000000000279897e+02 2.913995292590566000e-01
4.232000000000280124e+02 2.916019264470567363e-01
4.233000000000280352e+02 2.918043722190567513e-01
4.234000000000280579e+02 2.920068665790568896e-01
4.235000000000280806e+02 2.922094095290779792e-01
4.236000000000281034e+02 2.924870747570779694e-01
4.237000000000281261e+02 2.927648926340782332e-01
4.238000000000281489e+02 2.930428631990782962e-01
4.239000000000281716e+02 2.933209864940784506e-01
4.240000000000281943e+02 2.935992625590790883e-01
4.241000000000282171e+02 2.938799019470791363e-01
4.242000000000282398e+02 2.941606978530793559e-01
4.243000000000282625e+02 2.944416503200794621e-01
4.244000000000282853e+02 2.947227593910796140e-01
4.245000000000283080e+02 2.950040251080796594e-01
4.246000000000283308e+02 2.952854475140797019e-01
4.247000000000283535e+02 2.955670266540799118e-01
4.248000000000283762e+02 2.958487625670799259e-01
4.249000000000283990e+02 2.961306552980801365e-01
4.250000000000284217e+02 2.964127048890849991e-01
4.251000000000284444e+02 2.967117510450850704e-01
4.252000000000284672e+02 2.970109854640852753e-01
4.253000000000284899e+02 2.973104082140853310e-01
4.254000000000285127e+02 2.976100193640855429e-01
4.255000000000285354e+02 2.979098189800856167e-01
4.256000000000285581e+02 2.982098071310856358e-01
4.257000000000285809e+02 2.985099838840858943e-01
4.258000000000286036e+02 2.988103493060859095e-01
4.259000000000286263e+02 2.991109034670861311e-01
4.260000000000286491e+02 2.994116464330683902e-01
4.261000000000286718e+02 2.996503277930683828e-01
4.262000000000286946e+02 2.998891260940685366e-01
4.263000000000287173e+02 3.001280413640686207e-01
4.264000000000287400e+02 3.003670736300687594e-01
4.265000000000287628e+02 3.006062229190688551e-01
4.266000000000287855e+02 3.008454892600688213e-01
4.267000000000288082e+02 3.010848726790690266e-01
4.268000000000288310e+02 3.013243732050690515e-01
4.269000000000288537e+02 3.015639908650692425e-01
4.270000000000288765e+02 3.018037256870764740e-01
4.271000000000288992e+02 3.020686839530765666e-01
4.272000000000289219e+02 3.023337654010767039e-01
4.273000000000289447e+02 3.025989700540767657e-01
4.274000000000289674e+02 3.028642979320769202e-01
4.275000000000289901e+02 3.031297490540545980e-01
4.276000000000290129e+02 3.033182412970547026e-01
4.277000000000290356e+02 3.035067610110547820e-01
4.278000000000290584e+02 3.036953081930547915e-01
4.279000000000290811e+02 3.038838828450549090e-01
4.280000000000291038e+02 3.040724849651050277e-01
4.281000000000291266e+02 3.044333112761050675e-01
4.282000000000291493e+02 3.047943954741053618e-01
4.283000000000291720e+02 3.051557376351054507e-01
4.284000000000291948e+02 3.055173378361057401e-01
4.285000000000292175e+02 3.058791961530831771e-01
4.286000000000292403e+02 3.061637242880831389e-01
4.287000000000292630e+02 3.064484057550833640e-01
4.288000000000292857e+02 3.067332405930834338e-01
4.289000000000293085e+02 3.070182288420836292e-01
4.290000000000293312e+02 3.073033705420891715e-01
4.291000000000293539e+02 3.076073029620892130e-01
4.292000000000293767e+02 3.079114209770894561e-01
4.293000000000293994e+02 3.082157246480894952e-01
4.294000000000294222e+02 3.085202140360897016e-01
4.295000000000294449e+02 3.088248892030667769e-01
4.296000000000294676e+02 3.090516082090667971e-01
4.297000000000294904e+02 3.092783984310669698e-01
4.298000000000295131e+02 3.095052598740669625e-01
4.299000000000295358e+02 3.097321925470671311e-01
4.300000000000295586e+02 3.099591964560707291e-01
4.301000000000295813e+02 3.101984030680707272e-01
4.302000000000296041e+02 3.104377221300708700e-01
4.303000000000296268e+02 3.106771536650709264e-01
4.304000000000296495e+02 3.109166977010711097e-01
4.305000000000296723e+02 3.111563542620711664e-01
4.306000000000296950e+02 3.113961233740711876e-01
4.307000000000297177e+02 3.116360050620713418e-01
4.308000000000297405e+02 3.118759993530713648e-01
4.309000000000297632e+02 3.121161062710715584e-01
4.310000000000297860e+02 3.123563258420859468e-01
4.311000000000298087e+02 3.126447839170859999e-01
4.312000000000298314e+02 3.129333974790861617e-01
4.313000000000298542e+02 3.132221665700862245e-01
4.314000000000298769e+02 3.135110912320864252e-01
4.315000000000298996e+02 3.138001715050864893e-01
4.316000000000299224e+02 3.140894074310865425e-01
4.317000000000299451e+02 3.143787990520867659e-01
4.318000000000299679e+02 3.146683464090867521e-01
4.319000000000299906e+02 3.149580495430869820e-01
4.320000000000300133e+02 3.152479084960779776e-01
4.321000000000300361e+02 3.155077297880780618e-01
4.322000000000300588e+02 3.157676897080782252e-01
4.323000000000300815e+02 3.160277882980782604e-01
4.324000000000301043e+02 3.162880255980784483e-01
4.325000000000301270e+02 3.165484016480545337e-01
4.326000000000301497e+02 3.167293362530544942e-01
4.327000000000301725e+02 3.169103187430546420e-01
4.328000000000301952e+02 3.170913491220546665e-01
4.329000000000302180e+02 3.172724273950547902e-01
4.330000000000302407e+02 3.174535535650701013e-01
4.331000000000302634e+02 3.176854294190701866e-01
4.332000000000302862e+02 3.179174027580703443e-01
4.333000000000303089e+02 3.181494735960703202e-01
4.334000000000303316e+02 3.183816419510704931e-01
4.335000000000303544e+02 3.186139078360706867e-01
4.336000000000303771e+02 3.188466639830707661e-01
4.337000000000303999e+02 3.190797709090709700e-01
4.338000000000304226e+02 3.193130984110709725e-01
4.339000000000304453e+02 3.195465255980711183e-01
4.340000000000304681e+02 3.197799409250644542e-01
4.341000000000304908e+02 3.199915554630644032e-01
4.342000000000305135e+02 3.202029138740644099e-01
4.343000000000305363e+02 3.204139329350642607e-01
4.344000000000305590e+02 3.206245389330643070e-01
4.345000000000305818e+02 3.208346676940886932e-01
4.346000000000306045e+02 3.211247268440885483e-01
4.347000000000306272e+02 3.214143139410886030e-01
4.348000000000306500e+02 3.217033931750884479e-01
4.349000000000306727e+02 3.219919383800883828e-01
4.350000000000306954e+02 3.222799330810743879e-01
4.351000000000307182e+02 3.225222192840741520e-01
4.352000000000307409e+02 3.227639158920741491e-01
4.353000000000307637e+02 3.230050360450740232e-01
4.354000000000307864e+02 3.232456027300739665e-01
4.355000000000308091e+02 3.234856488280739018e-01
4.356000000000308319e+02 3.237254829710738413e-01
4.357000000000308546e+02 3.239650635140738921e-01
4.358000000000308773e+02 3.242043650790737974e-01
4.359000000000309001e+02 3.244433786230738193e-01
4.360000000000309228e+02 3.246821114940747766e-01
4.361000000000309456e+02 3.249238479510746513e-01
4.362000000000309683e+02 3.251653714680747820e-01
4.363000000000309910e+02 3.254067389350747685e-01
4.364000000000310138e+02 3.256480238840748775e-01
4.365000000000310365e+02 3.258893165460748365e-01
4.366000000000310592e+02 3.261304560850746825e-01
4.367000000000310820e+02 3.263711059020747429e-01
4.368000000000311047e+02 3.266113307430745794e-01
4.369000000000311275e+02 3.268511955540746028e-01
4.370000000000311502e+02 3.270907654770707218e-01
4.371000000000311729e+02 3.273178229450706689e-01
4.372000000000311957e+02 3.275447004270707896e-01
4.373000000000312184e+02 3.277714636720707730e-01
4.374000000000312411e+02 3.279981786190708792e-01
4.375000000000312639e+02 3.282249113960709064e-01
4.376000000000312866e+02 3.284517283170709234e-01
4.377000000000313094e+02 3.286786958830711924e-01
4.378000000000313321e+02 3.289058807860712474e-01
4.379000000000313548e+02 3.291333499040715038e-01
4.380000000000313776e+02 3.293611703060467244e-01
4.381000000000314003e+02 3.295101114710468626e-01
4.382000000000314230e+02 3.296594669970470681e-01
4.383000000000314458e+02 3.298093041720472907e-01
4.384000000000314685e+02 3.299596904120475904e-01
4.385000000000314913e+02 3.301106932580735176e-01
4.386000000000315140e+02 3.303440260960735508e-01
4.387000000000315367e+02 3.305775490550737494e-01
4.388000000000315595e+02 3.308113543910738974e-01
4.389000000000315822e+02 3.310455178790741582e-01
4.390000000000316049e+02 3.312800987540476805e-01
4.391000000000316277e+02 3.314309658800477787e-01
4.392000000000316504e+02 3.315822422360480415e-01
4.393000000000316732e+02 3.317339367570482089e-01
4.394000000000316959e+02 3.318860416050483653e-01
4.395000000000317186e+02 3.320385321310745930e-01
4.396000000000317414e+02 3.322737964540748989e-01
4.397000000000317641e+02 3.325098000320751979e-01
4.398000000000317868e+02 3.327465796140754994e-01
4.399000000000318096e+02 3.329841619510758854e-01
4.400000000000318323e+02 3.332225637530805140e-01
4.401000000000318551e+02 3.334754827710807445e-01
4.402000000000318778e+02 3.337292422350812138e-01
4.403000000000319005e+02 3.339838286210814466e-01
4.404000000000319233e+02 3.342392182190818128e-01
4.405000000000319460e+02 3.344953770930820247e-01
4.406000000000319687e+02 3.347522610370822771e-01
4.407000000000319915e+02 3.350098155440826009e-01
4.408000000000320142e+02 3.352679757570827812e-01
4.409000000000320370e+02 3.355266664370831209e-01
4.410000000000320597e+02 3.357858019170816277e-01
4.411000000000320824e+02 3.360404140930817185e-01
4.412000000000321052e+02 3.362952616270818984e-01
4.413000000000321279e+02 3.365502273310818637e-01
4.414000000000321506e+02 3.368051834350819784e-01
4.415000000000321734e+02 3.370599915550818726e-01
4.416000000000321961e+02 3.373145026480819375e-01
4.417000000000322188e+02 3.375691318080821235e-01
4.418000000000322416e+02 3.378238790630821442e-01
4.419000000000322643e+02 3.380787444350823456e-01
4.420000000000322871e+02 3.383337279530654884e-01
4.421000000000323098e+02 3.385366035940655105e-01
4.422000000000323325e+02 3.387395553010656424e-01
4.423000000000323553e+02 3.389425830870656520e-01
4.424000000000323780e+02 3.391456869660658402e-01
4.425000000000324007e+02 3.393488669520387524e-01
4.426000000000324235e+02 3.394685101240387248e-01
4.427000000000324462e+02 3.395881704820388758e-01
4.428000000000324690e+02 3.397078480290388613e-01
4.429000000000324917e+02 3.398275427640389257e-01
4.430000000000325144e+02 3.399472546870788148e-01
4.431000000000325372e+02 3.401897567170789061e-01
4.432000000000325599e+02 3.404323593320790486e-01
4.433000000000325826e+02 3.406750625470790772e-01
4.434000000000326054e+02 3.409178663810792931e-01
4.435000000000326281e+02 3.411607708490792534e-01
4.436000000000326509e+02 3.414037759680793038e-01
4.437000000000326736e+02 3.416468817540794789e-01
4.438000000000326963e+02 3.418900882230795357e-01
4.439000000000327191e+02 3.421333953910797310e-01
4.440000000000327418e+02 3.423768032760474700e-01
4.441000000000327645e+02 3.425217642940474594e-01
4.442000000000327873e+02 3.426667351990475563e-01
4.443000000000328100e+02 3.428117159870475716e-01
4.444000000000328328e+02 3.429567066590476498e-01
4.445000000000328555e+02 3.431017072110476018e-01
4.446000000000328782e+02 3.432467176430476496e-01
4.447000000000329010e+02 3.433917379500477374e-01
4.448000000000329237e+02 3.435367681330477319e-01
4.449000000000329464e+02 3.436818081880477771e-01
4.450000000000329692e+02 3.438268581150729086e-01
4.451000000000329919e+02 3.440478790250728891e-01
4.452000000000330147e+02 3.442689940370730617e-01
4.453000000000330374e+02 3.444902031730731062e-01
4.454000000000330601e+02 3.447115064560732356e-01
4.455000000000330829e+02 3.449329039060732849e-01
4.456000000000331056e+02 3.451543955450733225e-01
4.457000000000331283e+02 3.453759813950734170e-01
4.458000000000331511e+02 3.455976614770734923e-01
4.459000000000331738e+02 3.458194358140736502e-01
4.460000000000331966e+02 3.460413044260961524e-01
4.461000000000332193e+02 3.463309481820961988e-01
4.462000000000332420e+02 3.466207260700964188e-01
4.463000000000332648e+02 3.469106381150964258e-01
4.464000000000332875e+02 3.472006843420966660e-01
4.465000000000333102e+02 3.474908647760400759e-01
4.466000000000333330e+02 3.476111984150400680e-01
4.467000000000333557e+02 3.477315486090402086e-01
4.468000000000333785e+02 3.478519153570401867e-01
4.469000000000334012e+02 3.479722986600402579e-01
4.470000000000334239e+02 3.480926985200841206e-01
4.471000000000334467e+02 3.483443918880841372e-01
4.472000000000334694e+02 3.485961948570843183e-01
4.473000000000334921e+02 3.488481074510843549e-01
4.474000000000335149e+02 3.491001296880845706e-01
4.475000000000335376e+02 3.493522615930559350e-01
4.476000000000335604e+02 3.495191505260559772e-01
4.477000000000335831e+02 3.496860676470560647e-01
4.478000000000336058e+02 3.498530129580560422e-01
4.479000000000336286e+02 3.500199864600561650e-01
4.480000000000336513e+02 3.501869881550725427e-01
4.481000000000336740e+02 3.504026620500725886e-01
4.482000000000336968e+02 3.506184219970727711e-01
4.483000000000337195e+02 3.508342680130727698e-01
4.484000000000337423e+02 3.510502001170729414e-01
4.485000000000337650e+02 3.512662183260731319e-01
4.486000000000337877e+02 3.514827558150732112e-01
4.487000000000338105e+02 3.516996586070734176e-01
4.488000000000338332e+02 3.519167830280734433e-01
4.489000000000338559e+02 3.521339957380735797e-01
4.490000000000338787e+02 3.523511737610646732e-01
4.491000000000339014e+02 3.525420173980645666e-01
4.492000000000339242e+02 3.527325828950645392e-01
4.493000000000339469e+02 3.529227786560644176e-01
4.494000000000339696e+02 3.531125236040643101e-01
4.495000000000339924e+02 3.533017472190640995e-01
4.496000000000340151e+02 3.534903895570639110e-01
4.497000000000340378e+02 3.536784012880637706e-01
4.498000000000340606e+02 3.538657437230635638e-01
4.499000000000340833e+02 3.540523888380633921e-01
4.500000000000341061e+02 3.542383193110381079e-01
4.501000000000341288e+02 3.543499485020378259e-01
4.502000000000341515e+02 3.544608193490376147e-01
4.503000000000341743e+02 3.545709472590373723e-01
4.504000000000341970e+02 3.546803584320372127e-01
4.505000000000342197e+02 3.547890898730665654e-01
4.506000000000342425e+02 3.549835800070663683e-01
4.507000000000342652e+02 3.551776431320664007e-01
4.508000000000342880e+02 3.553713000160662050e-01
4.509000000000343107e+02 3.555645858630662182e-01
4.510000000000343334e+02 3.557575503600637901e-01
4.511000000000343562e+02 3.559432927700637017e-01
4.512000000000343789e+02 3.561288498880637587e-01
4.513000000000344016e+02 3.563143150830637707e-01
4.514000000000344244e+02 3.564997963550639581e-01
4.515000000000344471e+02 3.566854163690342250e-01
4.516000000000344698e+02 3.567848192090341541e-01
4.517000000000344926e+02 3.568839940770341390e-01
4.518000000000345153e+02 3.569829281230340046e-01
4.519000000000345381e+02 3.570816120990340514e-01
4.520000000000345608e+02 3.571800403630679410e-01
4.521000000000345835e+02 3.573767028640678634e-01
4.522000000000346063e+02 3.575731693270679523e-01
4.523000000000346290e+02 3.577694447540679112e-01
4.524000000000346517e+02 3.579655377830679441e-01
4.525000000000346745e+02 3.581614606970678349e-01
4.526000000000346972e+02 3.583570821850677324e-01
4.527000000000347200e+02 3.585524742240678298e-01
4.528000000000347427e+02 3.587477089560677790e-01
4.529000000000347654e+02 3.589428586840678892e-01
4.530000000000347882e+02 3.591379958710255726e-01
4.531000000000348109e+02 3.592115996990256632e-01
4.532000000000348336e+02 3.592852796030256979e-01
4.533000000000348564e+02 3.593591083790257934e-01
4.534000000000348791e+02 3.594331588910259501e-01
4.535000000000349019e+02 3.595075040620562823e-01
4.536000000000349246e+02 3.596687340860562632e-01
4.537000000000349473e+02 3.598299512100563979e-01
4.538000000000349701e+02 3.599913156980565354e-01
4.539000000000349928e+02 3.601529735280567524e-01
4.540000000000350155e+02 3.603150563570684528e-01
4.541000000000350383e+02 3.605105162190686552e-01
4.542000000000350610e+02 3.607066407300690836e-01
4.543000000000350838e+02 3.609035185850693606e-01
4.544000000000351065e+02 3.611012240570697918e-01
4.545000000000351292e+02 3.612998169570700857e-01
4.546000000000351520e+02 3.614993425890704604e-01
4.547000000000351747e+02 3.616998317140708852e-01
4.548000000000351974e+02 3.619013005090712110e-01
4.549000000000352202e+02 3.621037505270716661e-01
4.550000000000352429e+02 3.623071686530222046e-01
4.551000000000352657e+02 3.623701887430224589e-01
4.552000000000352884e+02 3.624340391370228232e-01
4.553000000000353111e+02 3.624986615600230278e-01
4.554000000000353339e+02 3.625639830190233170e-01
4.555000000000353566e+02 3.626299157830544240e-01
4.556000000000353793e+02 3.627837540850546438e-01
4.557000000000354021e+02 3.629382223170549149e-01
4.558000000000354248e+02 3.630932495650550651e-01
4.559000000000354476e+02 3.632487537570552871e-01
4.560000000000354703e+02 3.634046416490372966e-01
4.561000000000354930e+02 3.635097795030373669e-01
4.562000000000355158e+02 3.636150495140373917e-01
4.563000000000355385e+02 3.637203247550373497e-01
4.564000000000355612e+02 3.638254671020372810e-01
4.565000000000355840e+02 3.639303272190683169e-01
4.566000000000356067e+02 3.641223581980683188e-01
4.567000000000356295e+02 3.643144452690684765e-01
4.568000000000356522e+02 3.645065884350685015e-01
4.569000000000356749e+02 3.646987877010686163e-01
4.570000000000356977e+02 3.648910430680628036e-01
4.571000000000357204e+02 3.650668520040628029e-01
4.572000000000357431e+02 3.652427146000629121e-01
4.573000000000357659e+02 3.654186308650628767e-01
4.574000000000357886e+02 3.655946008090630861e-01
4.575000000000358114e+02 3.657706244410315888e-01
4.576000000000358341e+02 3.658588605060316135e-01
4.577000000000358568e+02 3.659471079010316319e-01
4.578000000000358796e+02 3.660353666260316441e-01
4.579000000000359023e+02 3.661236366830317168e-01
4.580000000000359250e+02 3.662119180730258328e-01
4.581000000000359478e+02 3.662837491490258390e-01
4.582000000000359705e+02 3.663555859440258411e-01
4.583000000000359933e+02 3.664274284570258611e-01
4.584000000000360160e+02 3.664992766910258881e-01
4.585000000000360387e+02 3.665711306440577189e-01
4.586000000000360615e+02 3.667313213370578251e-01
4.587000000000360842e+02 3.668917464240579740e-01
4.588000000000361069e+02 3.670523058250579340e-01
4.589000000000361297e+02 3.672129067250580747e-01
4.590000000000361524e+02 3.673734635800770532e-01
4.591000000000361752e+02 3.675865700990769702e-01
4.592000000000361979e+02 3.677995199630770262e-01
4.593000000000362206e+02 3.680122494400769328e-01
4.594000000000362434e+02 3.682247021050769620e-01
4.595000000000362661e+02 3.684368288650448631e-01
4.596000000000362888e+02 3.685604615310447141e-01
4.597000000000363116e+02 3.686837307590446478e-01
4.598000000000363343e+02 3.688065596310444172e-01
4.599000000000363571e+02 3.689288823310443166e-01
4.600000000000363798e+02 3.690506441620595157e-01
4.601000000000364025e+02 3.692142901170593072e-01
4.602000000000364253e+02 3.693773267540591543e-01
4.603000000000364480e+02 3.695397326330589483e-01
4.604000000000364707e+02 3.697014975120587743e-01
4.605000000000364935e+02 3.698626223660262946e-01
4.606000000000365162e+02 3.699347703790261677e-01
4.607000000000365389e+02 3.700063777750259852e-01
4.608000000000365617e+02 3.700774292410257682e-01
4.609000000000365844e+02 3.701479244460255669e-01
4.610000000000366072e+02 3.702178780550522408e-01
4.611000000000366299e+02 3.703604968480520565e-01
4.612000000000366526e+02 3.705026702250519555e-01
4.613000000000366754e+02 3.706444576800518309e-01
4.614000000000366981e+02 3.707859338190518383e-01
4.615000000000367208e+02 3.709271883870192132e-01
4.616000000000367436e+02 3.709795286970190564e-01
4.617000000000367663e+02 3.710313277340188676e-01
4.618000000000367891e+02 3.710826472460186931e-01
4.619000000000368118e+02 3.711335527770185938e-01
4.620000000000368345e+02 3.711841136700408383e-01
4.621000000000368573e+02 3.712950985720407937e-01
4.622000000000368800e+02 3.714058981480408694e-01
4.623000000000369027e+02 3.715165930890408363e-01
4.624000000000369255e+02 3.716272679530409073e-01
4.625000000000369482e+02 3.717380111660410491e-01
4.626000000000369710e+02 3.718490679150410760e-01
4.627000000000369937e+02 3.719602686460412033e-01
4.628000000000370164e+02 3.720716002970412273e-01
4.629000000000370392e+02 3.721830535630413772e-01
4.630000000000370619e+02 3.722946228970230864e-01
4.631000000000370846e+02 3.723568643060231054e-01
4.632000000000371074e+02 3.724192155000232152e-01
4.633000000000371301e+02 3.724816822030232455e-01
4.634000000000371529e+02 3.725442739160232941e-01
4.635000000000371756e+02 3.726070039170562009e-01
4.636000000000371983e+02 3.727581128740560246e-01
4.637000000000372211e+02 3.729088213930560336e-01
4.638000000000372438e+02 3.730592951730560269e-01
4.639000000000372665e+02 3.732096850690561074e-01
4.640000000000372893e+02 3.733601270620209300e-01
4.641000000000373120e+02 3.734162357820210443e-01
4.642000000000373348e+02 3.734725925730211227e-01
4.643000000000373575e+02 3.735292883460213376e-01
4.644000000000373802e+02 3.735863989390215134e-01
4.645000000000374030e+02 3.736439851040549986e-01
4.646000000000374257e+02 3.737910691800552798e-01
4.647000000000374484e+02 3.739389454650557387e-01
4.648000000000374712e+02 3.740876925660560626e-01
4.649000000000374939e+02 3.742373778540565299e-01
4.650000000000375167e+02 3.743880574340590628e-01
4.651000000000375394e+02 3.745454438470594560e-01
4.652000000000375621e+02 3.747039071560599455e-01
4.653000000000375849e+02 3.748634695920604054e-01
4.654000000000376076e+02 3.750241420340608700e-01
4.655000000000376303e+02 3.751859239820612979e-01
4.656000000000376531e+02 3.753488035330616035e-01
4.657000000000376758e+02 3.755125439440620272e-01
4.658000000000376986e+02 3.756770473530622323e-01
4.659000000000377213e+02 3.758422005010624845e-01
4.660000000000377440e+02 3.760078746960511809e-01
4.661000000000377668e+02 3.761434770480512335e-01
4.662000000000377895e+02 3.762792763940513430e-01
4.663000000000378122e+02 3.764150975320512682e-01
4.664000000000378350e+02 3.765507497460512387e-01
4.665000000000378577e+02 3.766860267890171921e-01
4.666000000000378805e+02 3.767314339960172176e-01
4.667000000000379032e+02 3.767768421360171982e-01
4.668000000000379259e+02 3.768222512080172115e-01
4.669000000000379487e+02 3.768676612130172909e-01
4.670000000000379714e+02 3.769130721530606354e-01
4.671000000000379941e+02 3.770726533290605920e-01
4.672000000000380169e+02 3.772322727080607563e-01
4.673000000000380396e+02 3.773919302960607181e-01
4.674000000000380624e+02 3.775516260940608437e-01
4.675000000000380851e+02 3.777113601080268057e-01
4.676000000000381078e+02 3.777817165490268136e-01
4.677000000000381306e+02 3.778520779070267954e-01
4.678000000000381533e+02 3.779224441820268621e-01
4.679000000000381760e+02 3.779928153740268471e-01
4.680000000000381988e+02 3.780631914820627437e-01
4.681000000000382215e+02 3.782273804600627121e-01
4.682000000000382443e+02 3.783916112260628517e-01
4.683000000000382670e+02 3.785558837860628634e-01
4.684000000000382897e+02 3.787201981450629695e-01
4.685000000000383125e+02 3.788845543070286648e-01
4.686000000000383352e+02 3.789593637770286572e-01
4.687000000000383579e+02 3.790341796880287162e-01
4.688000000000383807e+02 3.791090020400286753e-01
4.689000000000384034e+02 3.791838308330287566e-01
4.690000000000384262e+02 3.792586660690437927e-01
4.691000000000384489e+02 3.793726624630437971e-01
4.692000000000384716e+02 3.794866690620438687e-01
4.693000000000384944e+02 3.796006858670438744e-01
4.694000000000385171e+02 3.797147128770439473e-01
4.695000000000385398e+02 3.798287500930093707e-01
4.696000000000385626e+02 3.798531037460093907e-01
4.697000000000385853e+02 3.798774561050093923e-01
4.698000000000386081e+02 3.799018071680093644e-01
4.699000000000386308e+02 3.799261569380094627e-01
4.700000000000386535e+02 3.799505054150608685e-01
4.701000000000386763e+02 3.801079948230609018e-01
4.702000000000386990e+02 3.802655203120610117e-01
4.703000000000387217e+02 3.804230818830610095e-01
4.704000000000387445e+02 3.805806795410611176e-01
4.705000000000387672e+02 3.807383132890611033e-01
4.706000000000387899e+02 3.808959831300611221e-01
4.707000000000388127e+02 3.810536890670612187e-01
4.708000000000388354e+02 3.812114311040612491e-01
4.709000000000388582e+02 3.813692092440613135e-01
4.710000000000388809e+02 3.815270234910171365e-01
4.711000000000389036e+02 3.815711168840171252e-01
4.712000000000389264e+02 3.816152109340171794e-01
4.713000000000389491e+02 3.816593056420171659e-01
4.714000000000389718e+02 3.817034010070172179e-01
4.715000000000389946e+02 3.817474970320522965e-01
4.716000000000390173e+02 3.818815328430523182e-01
4.717000000000390401e+02 3.820155900910523483e-01
4.718000000000390628e+02 3.821496687750523535e-01
4.719000000000390855e+02 3.822837688980524340e-01
4.720000000000391083e+02 3.824178904600227802e-01
4.721000000000391310e+02 3.824760876620227346e-01
4.722000000000391537e+02 3.825342859880228041e-01
4.723000000000391765e+02 3.825924854350228332e-01
4.724000000000391992e+02 3.826506860070227889e-01
4.725000000000392220e+02 3.827088877020581870e-01
4.726000000000392447e+02 3.828571533650581560e-01
4.727000000000392674e+02 3.830054475430582639e-01
4.728000000000392902e+02 3.831537702360582887e-01
4.729000000000393129e+02 3.833021214460583526e-01
4.730000000000393356e+02 3.834505011740117486e-01
4.731000000000393584e+02 3.834804692330117670e-01
4.732000000000393811e+02 3.835104364970118307e-01
4.733000000000394039e+02 3.835404029670118065e-01
4.734000000000394266e+02 3.835703686430118053e-01
4.735000000000394493e+02 3.836003335260473879e-01
4.736000000000394721e+02 3.837204574990474293e-01
4.737000000000394948e+02 3.838405947650474492e-01
4.738000000000395175e+02 3.839607453230474698e-01
4.739000000000395403e+02 3.840809091740475800e-01
4.740000000000395630e+02 3.842010863180130853e-01
4.741000000000395858e+02 3.842341747780130823e-01
4.742000000000396085e+02 3.842672632790131160e-01
4.743000000000396312e+02 3.843003518210130753e-01
4.744000000000396540e+02 3.843334404050131603e-01
4.745000000000396767e+02 3.843665290320131822e-01
4.746000000000396994e+02 3.843996177010131632e-01
4.747000000000397222e+02 3.844327064160131813e-01
4.748000000000397449e+02 3.844657951750131697e-01
4.749000000000397677e+02 3.844988839800131397e-01
4.750000000000397904e+02 3.845319728320617525e-01
4.751000000000398131e+02 3.846871682150617699e-01
4.752000000000398359e+02 3.848423971910618913e-01
4.753000000000398586e+02 3.849976597620619057e-01
4.754000000000398813e+02 3.851529559310620243e-01
4.755000000000399041e+02 3.853082857000258987e-01
4.756000000000399268e+02 3.853732919100259502e-01
4.757000000000399496e+02 3.854383012420259935e-01
4.758000000000399723e+02 3.855033136940259619e-01
4.759000000000399950e+02 3.855683292680260332e-01
4.760000000000400178e+02 3.856333479630462135e-01
4.761000000000400405e+02 3.857488588730462187e-01
4.762000000000400632e+02 3.858643805320463027e-01
4.763000000000400860e+02 3.859799129410462770e-01
4.764000000000401087e+02 3.860954560990463302e-01
4.765000000000401315e+02 3.862110100060101026e-01
4.766000000000401542e+02 3.862361212380100994e-01
4.767000000000401769e+02 3.862612314590100904e-01
4.768000000000401997e+02 3.862863406690100754e-01
4.769000000000402224e+02 3.863114488690100878e-01
4.770000000000402451e+02 3.863365560600289794e-01
4.771000000000402679e+02 3.864085268740289902e-01
4.772000000000402906e+02 3.864805028560290290e-01
4.773000000000403134e+02 3.865524840070290180e-01
4.774000000000403361e+02 3.866244703290290241e-01
4.775000000000403588e+02 3.866964618200656179e-01
4.776000000000403816e+02 3.868590365750655957e-01
4.777000000000404043e+02 3.870216502260657165e-01
4.778000000000404270e+02 3.871843027760657474e-01
4.779000000000404498e+02 3.873469942290658219e-01
4.780000000000404725e+02 3.875097245910100185e-01
4.781000000000404953e+02 3.875343931540100040e-01
4.782000000000405180e+02 3.875590607120100173e-01
4.783000000000405407e+02 3.875837272650100029e-01
4.784000000000405635e+02 3.876083928140099943e-01
4.785000000000405862e+02 3.876330573600099694e-01
4.786000000000406089e+02 3.876577209040100169e-01
4.787000000000406317e+02 3.876823834460100260e-01
4.788000000000406544e+02 3.877070449890100412e-01
4.789000000000406772e+02 3.877317055300100734e-01
4.790000000000406999e+02 3.877563650740081802e-01
4.791000000000407226e+02 3.877764058430081540e-01
4.792000000000407454e+02 3.877964452930081629e-01
4.793000000000407681e+02 3.878164834230081737e-01
4.794000000000407908e+02 3.878365202340081641e-01
4.795000000000408136e+02 3.878565557280081455e-01
4.796000000000408363e+02 3.878765899050081734e-01
4.797000000000408590e+02 3.878966227670081479e-01
4.798000000000408818e+02 3.879166543130081468e-01
4.799000000000409045e+02 3.879366845450082368e-01
4.800000000000409273e+02 3.879567134630641512e-01
4.801000000000409500e+02 3.881135280700641621e-01
4.802000000000409727e+02 3.882703767720642740e-01
4.803000000000409955e+02 3.884272595730643429e-01
4.804000000000410182e+02 3.885841764750643801e-01
4.805000000000410409e+02 3.887411274820271601e-01
4.806000000000410637e+02 3.888072697740271311e-01
4.807000000000410864e+02 3.888734152670271782e-01
4.808000000000411092e+02 3.889395639610271904e-01
4.809000000000411319e+02 3.890057158540272120e-01
4.810000000000411546e+02 3.890718709490464944e-01
4.811000000000411774e+02 3.891849297200465352e-01
4.812000000000412001e+02 3.892979976280465659e-01
4.813000000000412228e+02 3.894110746740466200e-01
4.814000000000412456e+02 3.895241608580466974e-01
4.815000000000412683e+02 3.896372561800091616e-01
4.816000000000412911e+02 3.896594249500091589e-01
4.817000000000413138e+02 3.896815925120091784e-01
4.818000000000413365e+02 3.897037588660091645e-01
4.819000000000413593e+02 3.897259240130091507e-01
4.820000000000413820e+02 3.897480879530728082e-01
4.821000000000414047e+02 3.899240349650728299e-01
4.822000000000414275e+02 3.901000298400729149e-01
4.823000000000414502e+02 3.902760725830730082e-01
4.824000000000414730e+02 3.904521632000730880e-01
4.825000000000414957e+02 3.906283016980353073e-01
4.826000000000415184e+02 3.907134126950352893e-01
4.827000000000415412e+02 3.907985319010353620e-01
4.828000000000415639e+02 3.908836593170353368e-01
4.829000000000415866e+02 3.909687949430354359e-01
4.830000000000416094e+02 3.910539387800444078e-01
4.831000000000416321e+02 3.911606510830444305e-01
4.832000000000416549e+02 3.912673691130444387e-01
4.833000000000416776e+02 3.913740928690444543e-01
4.834000000000417003e+02 3.914808223520445107e-01
4.835000000000417231e+02 3.915875575610447412e-01
4.836000000000417458e+02 3.916947817400448506e-01
4.837000000000417685e+02 3.918023226510450319e-01
4.838000000000417913e+02 3.919100197760450044e-01
4.839000000000418140e+02 3.920177243340450257e-01
4.840000000000418368e+02 3.921252992970089557e-01
4.841000000000418595e+02 3.921466806580087838e-01
4.842000000000418822e+02 3.921676867950086298e-01
4.843000000000419050e+02 3.921882163490083562e-01
4.844000000000419277e+02 3.922081798590080770e-01
4.845000000000419504e+02 3.922274997690460840e-01
4.846000000000419732e+02 3.923373304490457292e-01
4.847000000000419959e+02 3.924464064330454582e-01
4.848000000000420187e+02 3.925546853290451388e-01
4.849000000000420414e+02 3.926621366320448558e-01
4.850000000000420641e+02 3.927687417450030916e-01
4.851000000000420869e+02 3.927760767520027119e-01
4.852000000000421096e+02 3.927825574090023641e-01
4.853000000000421323e+02 3.927882015640020708e-01
4.854000000000421551e+02 3.927930390060017096e-01
4.855000000000421778e+02 3.927971114670399944e-01
4.856000000000422006e+02 3.928918770770397639e-01
4.857000000000422233e+02 3.929861022540395710e-01
4.858000000000422460e+02 3.930798104790393377e-01
4.859000000000422688e+02 3.931730411890392296e-01
4.860000000000422915e+02 3.932658497990454971e-01
4.861000000000423142e+02 3.933734940080453879e-01
4.862000000000423370e+02 3.934808814940454202e-01
4.863000000000423597e+02 3.935881156980454154e-01
4.864000000000423825e+02 3.936953161300454918e-01
4.865000000000424052e+02 3.938026183960068316e-01
4.866000000000424279e+02 3.938187447950066700e-01
4.867000000000424507e+02 3.938345092030065553e-01
4.868000000000424734e+02 3.938499514680064428e-01
4.869000000000424961e+02 3.938651114480063442e-01
4.870000000000425189e+02 3.938800290120422765e-01
4.871000000000425416e+02 3.939795181300422278e-01
4.872000000000425644e+02 3.940788490450422565e-01
4.873000000000425871e+02 3.941780615690421707e-01
4.874000000000426098e+02 3.942771955590422261e-01
4.875000000000426326e+02 3.943762909160033470e-01
4.876000000000426553e+02 3.943840949650033179e-01
4.877000000000426780e+02 3.943919366770033963e-01
4.878000000000427008e+02 3.943998560250034369e-01
4.879000000000427235e+02 3.944078929890034724e-01
4.880000000000427463e+02 3.944160875550006828e-01
4.881000000000427690e+02 3.944176638340007868e-01
4.882000000000427917e+02 3.944194777420008680e-01
4.883000000000428145e+02 3.944215692690010711e-01
4.884000000000428372e+02 3.944239784050011521e-01
4.885000000000428599e+02 3.944267451470011565e-01
4.886000000000428827e+02 3.944294226800010850e-01
4.887000000000429054e+02 3.944320005740011292e-01
4.888000000000429281e+02 3.944346147160011640e-01
4.889000000000429509e+02 3.944373850120012626e-01
4.890000000000429736e+02 3.944404153910233690e-01
4.891000000000429964e+02 3.944948160720235242e-01
4.892000000000430191e+02 3.945496167760237372e-01
4.893000000000430418e+02 3.946048736670239587e-01
4.894000000000430646e+02 3.946606269410242729e-01
4.895000000000430873e+02 3.947169008199851725e-01
4.896000000000431100e+02 3.946824474809854655e-01
4.897000000000431328e+02 3.946487553129857662e-01
4.898000000000431555e+02 3.946158661299861703e-01
4.899000000000431783e+02 3.945838097399865241e-01
4.900000000000432010e+02 3.945526039480409808e-01
4.901000000000432237e+02 3.946473793170413025e-01
4.902000000000432465e+02 3.947430111020417409e-01
4.903000000000432692e+02 3.948394819300420910e-01
4.904000000000432919e+02 3.949367624020424516e-01
4.905000000000433147e+02 3.950348110890032904e-01
4.906000000000433374e+02 3.950423407050035474e-01
4.907000000000433602e+02 3.950505157200037698e-01
4.908000000000433829e+02 3.950592581010040072e-01
4.909000000000434056e+02 3.950684778010041809e-01
4.910000000000434284e+02 3.950780727550442517e-01
4.911000000000434511e+02 3.951798884810442947e-01
4.912000000000434738e+02 3.952818443130443615e-01
4.913000000000434966e+02 3.953838021130443026e-01
4.914000000000435193e+02 3.954856115770442049e-01
4.915000000000435421e+02 3.955871102200042566e-01
4.916000000000435648e+02 3.955968668750042827e-01
4.917000000000435875e+02 3.956066217090042914e-01
4.918000000000436103e+02 3.956163747230042604e-01
4.919000000000436330e+02 3.956261259190042567e-01
4.920000000000436557e+02 3.956358752970512427e-01
4.921000000000436785e+02 3.957532540990512104e-01
4.922000000000437012e+02 3.958706438580513187e-01
4.923000000000437240e+02 3.959880445750513234e-01
4.924000000000437467e+02 3.961054562480513797e-01
4.925000000000437694e+02 3.962228788790114198e-01
4.926000000000437922e+02 3.962490108520114185e-01
4.927000000000438149e+02 3.962751417390114606e-01
4.928000000000438376e+02 3.963012715430114241e-01
4.929000000000438604e+02 3.963274002630114978e-01
4.930000000000438831e+02 3.963535279000038880e-01
4.931000000000439059e+02 3.963623847170039127e-01
4.932000000000439286e+02 3.963712394780039006e-01
4.933000000000439513e+02 3.963800921810038957e-01
4.934000000000439741e+02 3.963889428300038653e-01
4.935000000000439968e+02 3.963977914230440991e-01
4.936000000000440195e+02 3.964979758990440639e-01
4.937000000000440423e+02 3.965981623970441516e-01
4.938000000000440650e+02 3.966983509180441181e-01
4.939000000000440878e+02 3.967985414610442074e-01
4.940000000000441105e+02 3.968987340260031749e-01
4.941000000000441332e+02 3.969059522040031540e-01
4.942000000000441560e+02 3.969131684960031659e-01
4.943000000000441787e+02 3.969203829020031549e-01
4.944000000000442014e+02 3.969275954240031878e-01
4.945000000000442242e+02 3.969348060630031871e-01
4.946000000000442469e+02 3.969420148190031528e-01
4.947000000000442697e+02 3.969492216940031515e-01
4.948000000000442924e+02 3.969564266880031833e-01
4.949000000000443151e+02 3.969636298030032040e-01
4.950000000000443379e+02 3.969708310390491768e-01
4.951000000000443606e+02 3.970817011970491639e-01
4.952000000000443833e+02 3.971925784270492477e-01
4.953000000000444061e+02 3.973034627290492615e-01
4.954000000000444288e+02 3.974143541020492831e-01
4.955000000000444516e+02 3.975252525470086562e-01
4.956000000000444743e+02 3.975447684590086572e-01
4.957000000000444970e+02 3.975642824690086563e-01
4.958000000000445198e+02 3.975837945770086534e-01
4.959000000000445425e+02 3.976033047850087154e-01
4.960000000000445652e+02 3.976228130920261283e-01
4.961000000000445880e+02 3.976815038480261411e-01
4.962000000000446107e+02 3.977401954180261878e-01
4.963000000000446335e+02 3.977988878030261910e-01
4.964000000000446562e+02 3.978575810050262174e-01
4.965000000000446789e+02 3.979162750210262223e-01
4.966000000000447017e+02 3.979749698540261948e-01
4.967000000000447244e+02 3.980336655010262570e-01
4.968000000000447471e+02 3.980923619660262647e-01
4.969000000000447699e+02 3.981510592460263398e-01
4.970000000000447926e+02 3.982097573440531724e-01
4.971000000000448154e+02 3.983284649790531651e-01
4.972000000000448381e+02 3.984471842110532402e-01
4.973000000000448608e+02 3.985659150400532313e-01
4.974000000000448836e+02 3.986846574660533604e-01
4.975000000000449063e+02 3.988034114880122383e-01
4.976000000000449290e+02 3.988305971780122250e-01
4.977000000000449518e+02 3.988577819810122382e-01
4.978000000000449745e+02 3.988849658960121891e-01
4.979000000000449973e+02 3.989121489260122333e-01
4.980000000000450200e+02 3.989393310700015682e-01
4.981000000000450427e+02 3.989427260970015432e-01
4.982000000000450655e+02 3.989461191120015626e-01
4.983000000000450882e+02 3.989495101180015602e-01
4.984000000000451109e+02 3.989528991140015579e-01
4.985000000000451337e+02 3.989562861010015338e-01
4.986000000000451564e+02 3.989596710810015545e-01
4.987000000000451791e+02 3.989630540540015646e-01
4.988000000000452019e+02 3.989664350220015754e-01
4.989000000000452246e+02 3.989698139860015647e-01
4.990000000000452474e+02 3.989731909460445536e-01
4.991000000000452701e+02 3.990717083830445655e-01
4.992000000000452928e+02 3.991702266790446152e-01
4.993000000000453156e+02 3.992687458330446137e-01
4.994000000000453383e+02 3.993672658460447056e-01
4.995000000000453610e+02 3.994657867150031016e-01
4.996000000000453838e+02 3.994726862660031297e-01
4.997000000000454065e+02 3.994795835080031110e-01
4.998000000000454293e+02 3.994864784430031124e-01
4.999000000000454520e+02 3.994933710720031117e-01
5.000000000000454747e+02 3.995002613959666715e-01
5.001000000000454975e+02 3.994270085439666773e-01
5.002000000000455202e+02 3.993537455119666180e-01
5.003000000000455429e+02 3.992804723019666158e-01
5.004000000000455657e+02 3.992071889169666044e-01
5.005000000000455884e+02 3.991338953570083836e-01
5.006000000000456112e+02 3.991522454130083664e-01
5.007000000000456339e+02 3.991705937260083825e-01
5.008000000000456566e+02 3.991889402950083987e-01
5.009000000000456794e+02 3.992072851220083707e-01
5.010000000000457021e+02 3.992256282080061114e-01
5.011000000000457248e+02 3.992389354230060916e-01
5.012000000000457476e+02 3.992522410110060926e-01
5.013000000000457703e+02 3.992655449730060924e-01
5.014000000000457931e+02 3.992788473110061020e-01
5.015000000000458158e+02 3.992921480240060883e-01
5.016000000000458385e+02 3.993054471140061179e-01
5.017000000000458613e+02 3.993187445830060911e-01
5.018000000000458840e+02 3.993320404290061076e-01
5.019000000000459067e+02 3.993453346540061233e-01
5.020000000000459295e+02 3.993586272589996211e-01
5.021000000000459522e+02 3.993577898609996235e-01
5.022000000000459750e+02 3.993569505659996244e-01
5.023000000000459977e+02 3.993561093749996016e-01
5.024000000000460204e+02 3.993552662879996107e-01
5.025000000000460432e+02 3.993544213079573413e-01
5.026000000000460659e+02 3.992618744169573741e-01
5.027000000000460886e+02 3.991693260249573050e-01
5.028000000000461114e+02 3.990767761319573004e-01
5.029000000000461341e+02 3.989842247419572718e-01
5.030000000000461569e+02 3.988916718570091891e-01
5.031000000000461796e+02 3.989116416810092325e-01
5.032000000000462023e+02 3.989316096920091925e-01
5.033000000000462251e+02 3.989515758900092357e-01
5.034000000000462478e+02 3.989715402760092289e-01
5.035000000000462705e+02 3.989915028519671059e-01
5.036000000000462933e+02 3.989203934229673121e-01
5.037000000000463160e+02 3.988496947829673345e-01
5.038000000000463388e+02 3.987791884649673491e-01
5.039000000000463615e+02 3.987086723229671947e-01
5.040000000000463842e+02 3.986379605120446978e-01
5.041000000000464070e+02 3.987342553850444227e-01
5.042000000000464297e+02 3.988300428500441974e-01
5.043000000000464524e+02 3.989251850810438538e-01
5.044000000000464752e+02 3.990195602940434516e-01
5.045000000000464979e+02 3.991130627770429484e-01
5.046000000000465207e+02 3.992054386250424303e-01
5.047000000000465434e+02 3.992966728890419703e-01
5.048000000000465661e+02 3.993867627510414020e-01
5.049000000000465889e+02 3.994757175460409426e-01
5.050000000000466116e+02 3.995635587730007598e-01
5.051000000000466343e+02 3.995652825130003305e-01
5.052000000000466571e+02 3.995659744639998845e-01
5.053000000000466798e+02 3.995656933169994263e-01
5.054000000000467026e+02 3.995645099199990335e-01
5.055000000000467253e+02 3.995625072789987797e-01
5.056000000000467480e+02 3.995599449999985842e-01
5.057000000000467708e+02 3.995568716669983256e-01
5.058000000000467935e+02 3.995533520659981797e-01
5.059000000000468162e+02 3.995494671859980418e-01
5.060000000000468390e+02 3.995453142200495744e-01
5.061000000000468617e+02 3.996511391170495808e-01
5.062000000000468845e+02 3.997569445930496679e-01
5.063000000000469072e+02 3.998628765410497943e-01
5.064000000000469299e+02 3.999690972360500640e-01
5.065000000000469527e+02 4.000757853530503283e-01
5.066000000000469754e+02 4.001829712730502475e-01
5.067000000000469981e+02 4.002900146880502552e-01
5.068000000000470209e+02 4.003969296790501620e-01
5.069000000000470436e+02 4.005037262840502321e-01
5.070000000000470664e+02 4.006104104879935623e-01
5.071000000000470891e+02 4.005966712799934881e-01
5.072000000000471118e+02 4.005828143779933681e-01
5.073000000000471346e+02 4.005688336949933537e-01
5.074000000000471573e+02 4.005547190899932941e-01
5.075000000000471800e+02 4.005404563600364898e-01
5.076000000000472028e+02 4.006177857830365285e-01
5.077000000000472255e+02 4.006951477270365714e-01
5.078000000000472482e+02 4.007725828540366630e-01
5.079000000000472710e+02 4.008501318650367629e-01
5.080000000000472937e+02 4.009278354919931786e-01
5.081000000000473165e+02 4.009133623909932886e-01
5.082000000000473392e+02 4.008991317919933794e-01
5.083000000000473619e+02 4.008851843309935714e-01
5.084000000000473847e+02 4.008715606449937408e-01
5.085000000000474074e+02 4.008583013680371288e-01
5.086000000000474301e+02 4.009366786500370705e-01
5.087000000000474529e+02 4.010149492010371963e-01
5.088000000000474756e+02 4.010932512230372393e-01
5.089000000000474984e+02 4.011717067580374274e-01
5.090000000000475211e+02 4.012504216790431788e-01
5.091000000000475438e+02 4.013413233580434003e-01
5.092000000000475666e+02 4.014326519280436711e-01
5.093000000000475893e+02 4.015244646830439246e-01
5.094000000000476120e+02 4.016168026800442381e-01
5.095000000000476348e+02 4.017096907240008119e-01
5.096000000000476575e+02 4.017114224090012065e-01
5.097000000000476803e+02 4.017139324390016086e-01
5.098000000000477030e+02 4.017172636180019740e-01
5.099000000000477257e+02 4.017214465350024133e-01
5.100000000000477485e+02 4.017264995640493219e-01
5.101000000000477712e+02 4.018299040550498136e-01
5.102000000000477939e+02 4.019341852240502222e-01
5.103000000000478167e+02 4.020393254180507081e-01
5.104000000000478394e+02 4.021452947290510838e-01
5.105000000000478622e+02 4.022520509870075589e-01
5.106000000000478849e+02 4.022678024970078314e-01
5.107000000000479076e+02 4.022842122610081339e-01
5.108000000000479304e+02 4.023012008120083749e-01
5.109000000000479531e+02 4.023186764330085596e-01
5.110000000000479758e+02 4.023365351530487355e-01
5.111000000000479986e+02 4.024380839180488056e-01
5.112000000000480213e+02 4.025397747530488624e-01
5.113000000000480441e+02 4.026414669030488058e-01
5.114000000000480668e+02 4.027430072180486764e-01
5.115000000000480895e+02 4.028442301410043447e-01
5.116000000000481123e+02 4.028531915870043334e-01
5.117000000000481350e+02 4.028621510000043315e-01
5.118000000000481577e+02 4.028711083810043170e-01
5.119000000000481805e+02 4.028800637320043565e-01
5.120000000000482032e+02 4.028890170520079694e-01
5.121000000000482260e+02 4.029055940290079962e-01
5.122000000000482487e+02 4.029221694100079687e-01
5.123000000000482714e+02 4.029387431960079757e-01
5.124000000000482942e+02 4.029553153880079952e-01
5.125000000000483169e+02 4.029718859870523584e-01
5.126000000000483396e+02 4.030802519080523560e-01
5.127000000000483624e+02 4.031886237850523247e-01
5.128000000000483851e+02 4.032970016180524864e-01
5.129000000000484079e+02 4.034053854060525302e-01
5.130000000000484306e+02 4.035137751489992763e-01
5.131000000000484533e+02 4.035122952639992877e-01
5.132000000000484761e+02 4.035108136479992891e-01
5.133000000000484988e+02 4.035093303019992583e-01
5.134000000000485215e+02 4.035078452269992844e-01
5.135000000000485443e+02 4.035063584219992783e-01
5.136000000000485670e+02 4.035048698909992626e-01
5.137000000000485898e+02 4.035033796329992595e-01
5.138000000000486125e+02 4.035018876499992801e-01
5.139000000000486352e+02 4.035003939409992912e-01
5.140000000000486580e+02 4.034988985090555702e-01
5.141000000000486807e+02 4.036130729270555606e-01
5.142000000000487034e+02 4.037272556040555904e-01
5.143000000000487262e+02 4.038414465380557039e-01
5.144000000000487489e+02 4.039556457300556569e-01
5.145000000000487717e+02 4.040698531780109182e-01
5.146000000000487944e+02 4.040922297390109330e-01
5.147000000000488171e+02 4.041146043850109559e-01
5.148000000000488399e+02 4.041369771170109093e-01
5.149000000000488626e+02 4.041593479350109597e-01
5.150000000000488853e+02 4.041817168390264281e-01
5.151000000000489081e+02 4.042358167190264195e-01
5.152000000000489308e+02 4.042899162860263962e-01
5.153000000000489536e+02 4.043440155420265358e-01
5.154000000000489763e+02 4.043981144870265609e-01
5.155000000000489990e+02 4.044522131210265270e-01
5.156000000000490218e+02 4.045063114440265450e-01
5.157000000000490445e+02 4.045604094560265596e-01
5.158000000000490672e+02 4.046145071570265705e-01
5.159000000000490900e+02 4.046686045480266114e-01
5.160000000000491127e+02 4.047227016290523283e-01
5.161000000000491355e+02 4.048292361090523594e-01
5.162000000000491582e+02 4.049357752470523208e-01
5.163000000000491809e+02 4.050423190410524787e-01
5.164000000000492037e+02 4.051488674910524446e-01
5.165000000000492264e+02 4.052554205970071433e-01
5.166000000000492491e+02 4.052699760920071559e-01
5.167000000000492719e+02 4.052845296350071624e-01
5.168000000000492946e+02 4.052990812240071516e-01
5.169000000000493174e+02 4.053136308610071348e-01
5.170000000000493401e+02 4.053281785459975639e-01
5.171000000000493628e+02 4.053232480599975318e-01
5.172000000000493856e+02 4.053183159079975506e-01
5.173000000000494083e+02 4.053133820909975427e-01
5.174000000000494310e+02 4.053084466109975748e-01
5.175000000000494538e+02 4.053035094679975359e-01
5.176000000000494765e+02 4.052985706629975704e-01
5.177000000000494992e+02 4.052936301979975786e-01
5.178000000000495220e+02 4.052886880729975605e-01
5.179000000000495447e+02 4.052837442889975494e-01
5.180000000000495675e+02 4.052787988469926939e-01
5.181000000000495902e+02 4.052640264349926524e-01
5.182000000000496129e+02 4.052492528349926904e-01
5.183000000000496357e+02 4.052344780509926636e-01
5.184000000000496584e+02 4.052197020809926720e-01
5.185000000000496811e+02 4.052049249279926491e-01
5.186000000000497039e+02 4.051901465919926504e-01
5.187000000000497266e+02 4.051753670749926872e-01
5.188000000000497494e+02 4.051605863769925930e-01
5.189000000000497721e+02 4.051458044999926011e-01
5.190000000000497948e+02 4.051310214450541403e-01
5.191000000000498176e+02 4.052397201470541166e-01
5.192000000000498403e+02 4.053484246440541283e-01
5.193000000000498630e+02 4.054571349350542531e-01
5.194000000000498858e+02 4.055658510210542467e-01
5.195000000000499085e+02 4.056745729010083346e-01
5.196000000000499313e+02 4.056913070790083009e-01
5.197000000000499540e+02 4.057080394620083408e-01
5.198000000000499767e+02 4.057247700490083653e-01
5.199000000000499995e+02 4.057414988420083857e-01
5.200000000000500222e+02 4.057582258410074028e-01
5.201000000000500449e+02 4.057730181000073766e-01
5.202000000000500677e+02 4.057878086430073972e-01
5.203000000000500904e+02 4.058025974700074645e-01
5.204000000000501132e+02 4.058173845810074121e-01
5.205000000000501359e+02 4.058321699780074177e-01
5.206000000000501586e+02 4.058469536610074258e-01
5.207000000000501814e+02 4.058617356310073587e-01
5.208000000000502041e+02 4.058765158880074386e-01
5.209000000000502268e+02 4.058912944330074213e-01
5.210000000000502496e+02 4.059060712669981807e-01
5.211000000000502723e+02 4.059024645129981623e-01
5.212000000000502951e+02 4.058988561149981522e-01
5.213000000000503178e+02 4.058952460729981504e-01
5.214000000000503405e+02 4.058916343899981460e-01
5.215000000000503633e+02 4.058880210649981612e-01
5.216000000000503860e+02 4.058844060989981739e-01
5.217000000000504087e+02 4.058807894939981953e-01
5.218000000000504315e+02 4.058771712499981699e-01
5.219000000000504542e+02 4.058735513679981866e-01
5.220000000000504770e+02 4.058699298499953145e-01
5.221000000000504997e+02 4.058606747309953522e-01
5.222000000000505224e+02 4.058514181009953425e-01
5.223000000000505452e+02 4.058421599609953190e-01
5.224000000000505679e+02 4.058329003109953370e-01
5.225000000000505906e+02 4.058236391519953190e-01
5.226000000000506134e+02 4.058143764869953096e-01
5.227000000000506361e+02 4.058051123149953310e-01
5.228000000000506589e+02 4.057958466369953054e-01
5.229000000000506816e+02 4.057865794549952998e-01
5.230000000000507043e+02 4.057773107700288207e-01
5.231000000000507271e+02 4.058341575970287884e-01
5.232000000000507498e+02 4.058910046420288187e-01
5.233000000000507725e+02 4.059478519060288892e-01
5.234000000000507953e+02 4.060046993880288557e-01
5.235000000000508180e+02 4.060615470890288625e-01
5.236000000000508408e+02 4.061183950080288763e-01
5.237000000000508635e+02 4.061752431470288527e-01
5.238000000000508862e+02 4.062320915040290026e-01
5.239000000000509090e+02 4.062889400800289708e-01
5.240000000000509317e+02 4.063457888750066083e-01
5.241000000000509544e+02 4.063588007860066131e-01
5.242000000000509772e+02 4.063718112150065953e-01
5.243000000000509999e+02 4.063848201640066771e-01
5.244000000000510227e+02 4.063978276330066364e-01
5.245000000000510454e+02 4.064108336230066731e-01
5.246000000000510681e+02 4.064238381340066764e-01
5.247000000000510909e+02 4.064368411670066794e-01
5.248000000000511136e+02 4.064498427230066602e-01
5.249000000000511363e+02 4.064628428020066742e-01
5.250000000000511591e+02 4.064758414059405633e-01
5.251000000000511818e+02 4.063596836239405929e-01
5.252000000000512046e+02 4.062435363759406282e-01
5.253000000000512273e+02 4.061273996659404140e-01
5.254000000000512500e+02 4.060112734939405055e-01
5.255000000000512728e+02 4.058951578609877320e-01
5.256000000000512955e+02 4.058711915179877283e-01
5.257000000000513182e+02 4.058472248359877299e-01
5.258000000000513410e+02 4.058232578159876591e-01
5.259000000000513637e+02 4.057992904579876825e-01
5.260000000000513865e+02 4.057753227630052084e-01
5.261000000000514092e+02 4.057854363130052322e-01
5.262000000000514319e+02 4.057955480620052402e-01
5.263000000000514547e+02 4.058056580070052433e-01
5.264000000000514774e+02 4.058157661510052305e-01
5.265000000000515001e+02 4.058258724950052354e-01
5.266000000000515229e+02 4.058359770380052245e-01
5.267000000000515456e+02 4.058460797820052091e-01
5.268000000000515683e+02 4.058561807280052225e-01
5.269000000000515911e+02 4.058662798750052314e-01
5.270000000000516138e+02 4.058763772260076119e-01
5.271000000000516366e+02 4.058910687420075880e-01
5.272000000000516593e+02 4.059057586780075999e-01
5.273000000000516820e+02 4.059204470340075921e-01
5.274000000000517048e+02 4.059351338080076088e-01
5.275000000000517275e+02 4.059498190050075950e-01
5.276000000000517502e+02 4.059645026220076169e-01
5.277000000000517730e+02 4.059791846620076083e-01
5.278000000000517957e+02 4.059938651250076247e-01
5.279000000000518185e+02 4.060085440100076326e-01
5.280000000000518412e+02 4.060232213200002382e-01
5.281000000000518639e+02 4.060236969940002050e-01
5.282000000000518867e+02 4.060241710080002009e-01
5.283000000000519094e+02 4.060246433640002373e-01
5.284000000000519321e+02 4.060251140610002252e-01
5.285000000000519549e+02 4.060255831020002093e-01
5.286000000000519776e+02 4.060260504850002339e-01
5.287000000000520004e+02 4.060265162130002325e-01
5.288000000000520231e+02 4.060269802870002387e-01
5.289000000000520458e+02 4.060274427070001968e-01
5.290000000000520686e+02 4.060279034740266191e-01
5.291000000000520913e+02 4.060790614870266602e-01
5.292000000000521140e+02 4.061302181530266342e-01
5.293000000000521368e+02 4.061813734700266965e-01
5.294000000000521595e+02 4.062325274410267251e-01
5.295000000000521823e+02 4.062836800640267088e-01
5.296000000000522050e+02 4.063348313390267030e-01
5.297000000000522277e+02 4.063859812670266858e-01
5.298000000000522505e+02 4.064371298480267680e-01
5.299000000000522732e+02 4.064882770820267832e-01
5.300000000000522959e+02 4.065394229680032168e-01
5.301000000000523187e+02 4.065455778390032471e-01
5.302000000000523414e+02 4.065517310210032265e-01
5.303000000000523642e+02 4.065578825140032104e-01
5.304000000000523869e+02 4.065640323190032324e-01
5.305000000000524096e+02 4.065701804360032368e-01
5.306000000000524324e+02 4.065763268660032015e-01
5.307000000000524551e+02 4.065824716110031933e-01
5.308000000000524778e+02 4.065886146700032344e-01
5.309000000000525006e+02 4.065947560460032029e-01
5.310000000000525233e+02 4.066008957370027543e-01
5.311000000000525461e+02 4.066061480950027840e-01
5.312000000000525688e+02 4.066113981580027903e-01
5.313000000000525915e+02 4.066166459290027624e-01
5.314000000000526143e+02 4.066218914070027779e-01
5.315000000000526370e+02 4.066271345920027813e-01
5.316000000000526597e+02 4.066323754880027952e-01
5.317000000000526825e+02 4.066376140920027749e-01
5.318000000000527052e+02 4.066428504070027650e-01
5.319000000000527280e+02 4.066480844340027989e-01
5.320000000000527507e+02 4.066533161719872447e-01
5.321000000000527734e+02 4.066291139329872295e-01
5.322000000000527962e+02 4.066049113609872534e-01
5.323000000000528189e+02 4.065807084549872275e-01
5.324000000000528416e+02 4.065565052179872518e-01
5.325000000000528644e+02 4.065323016489872376e-01
5.326000000000528871e+02 4.065080977509871740e-01
5.327000000000529099e+02 4.064838935239871720e-01
5.328000000000529326e+02 4.064596889689871539e-01
5.329000000000529553e+02 4.064354840879871866e-01
5.330000000000529781e+02 4.064112788810558263e-01
5.331000000000530008e+02 4.065166612450558659e-01
5.332000000000530235e+02 4.066220480220558708e-01
5.333000000000530463e+02 4.067274392100559410e-01
5.334000000000530690e+02 4.068328348090559654e-01
5.335000000000530918e+02 4.069382348200070165e-01
5.336000000000531145e+02 4.069513600210070137e-01
5.337000000000531372e+02 4.069644836790070053e-01
5.338000000000531600e+02 4.069776057970069805e-01
5.339000000000531827e+02 4.069907263740070169e-01
5.340000000000532054e+02 4.070038454110285198e-01
5.341000000000532282e+02 4.070574527940285514e-01
5.342000000000532509e+02 4.071110599530285423e-01
5.343000000000532737e+02 4.071646668890285814e-01
5.344000000000532964e+02 4.072182736020286131e-01
5.345000000000533191e+02 4.072718800940778316e-01
5.346000000000533419e+02 4.074178504180778204e-01
5.347000000000533646e+02 4.075638448320778595e-01
5.348000000000533873e+02 4.077098633350780266e-01
5.349000000000534101e+02 4.078559059270780440e-01
5.350000000000534328e+02 4.080019726080063580e-01
5.351000000000534556e+02 4.080139612470063959e-01
5.352000000000534783e+02 4.080259477020063974e-01
5.353000000000535010e+02 4.080379319750064293e-01
5.354000000000535238e+02 4.080499140670064140e-01
5.355000000000535465e+02 4.080618939760559116e-01
5.356000000000535692e+02 4.081663006680559258e-01
5.357000000000535920e+02 4.082707106050558754e-01
5.358000000000536147e+02 4.083751237870560380e-01
5.359000000000536375e+02 4.084795402110560358e-01
5.360000000000536602e+02 4.085839598789943183e-01
5.361000000000536829e+02 4.085734077419943544e-01
5.362000000000537057e+02 4.085628543499943421e-01
5.363000000000537284e+02 4.085522997049943483e-01
5.364000000000537511e+02 4.085417438089943287e-01
5.365000000000537739e+02 4.085311866599943276e-01
5.366000000000537966e+02 4.085206282599943561e-01
5.367000000000538193e+02 4.085100686109943147e-01
5.368000000000538421e+02 4.084995077129942587e-01
5.369000000000538648e+02 4.084889455669942770e-01
5.370000000000538876e+02 4.084783821740148868e-01
5.371000000000539103e+02 4.085060246820148566e-01
5.372000000000539330e+02 4.085336663866866447e-01
5.373000000000539558e+02 4.079521637006859325e-01
5.374000000000539785e+02 4.073705777935918704e-01
5.375000000000540012e+02 4.066148440946413811e-01
5.376000000000540240e+02 4.059508269386293833e-01
5.377000000000540467e+02 4.052645901076291635e-01
5.378000000000540695e+02 4.045778916046281481e-01
5.379000000000540922e+02 4.038907313596278859e-01
5.380000000000541149e+02 4.032031093035842728e-01
5.381000000000541377e+02 4.024348380305841633e-01
5.382000000000541604e+02 4.016664111605840470e-01
5.383000000000541831e+02 4.008978287135830931e-01
5.384000000000542059e+02 4.001290907125948926e-01
5.385000000000542286e+02 3.993819975045950210e-01
5.386000000000542514e+02 3.986352452435833471e-01
5.387000000000542741e+02 3.978668511645833128e-01
5.388000000000542968e+02 3.970984507035823508e-01
5.389000000000543196e+02 3.963298922875821417e-01
5.390000000000543423e+02 3.955610375485678065e-01
5.391000000000543650e+02 3.947656527675675320e-01
5.392000000000543878e+02 3.939698422285672352e-01
5.393000000000544105e+02 3.931735065605659885e-01
5.394000000000544333e+02 3.923765591525775198e-01
5.395000000000544560e+02 3.916007397995772132e-01
5.396000000000544787e+02 3.908243351845649416e-01
5.397000000000545015e+02 3.900254230915645159e-01
5.398000000000545242e+02 3.892257265865631255e-01
5.399000000000545469e+02 3.884251715095626278e-01
5.400000000000545697e+02 3.876237000715510583e-01
5.401000000000545924e+02 3.868010728315505742e-01
5.402000000000546152e+02 3.859775478535501514e-01
5.403000000000546379e+02 3.851531156545486834e-01
5.404000000000546606e+02 3.843277824735601422e-01
5.405000000000546834e+02 3.835233810435123014e-01
5.406000000000547061e+02 3.826314878125000596e-01
5.407000000000547288e+02 3.817172678604998648e-01
5.408000000000547516e+02 3.808026529534986881e-01
5.409000000000547743e+02 3.798877743984986344e-01
5.410000000000547971e+02 3.789727738265789569e-01
5.411000000000548198e+02 3.782044243785787074e-01
5.412000000000548425e+02 3.774356276172442515e-01
5.413000000000548653e+02 3.760565336822426219e-01
5.414000000000548880e+02 3.746772260921349407e-01
5.415000000000549107e+02 3.731017783001350785e-01
5.416000000000549335e+02 3.715266200711229705e-01
5.417000000000549562e+02 3.699294746111228549e-01
5.418000000000549790e+02 3.683321179181329175e-01
5.419000000000550017e+02 3.667563387431327926e-01
5.420000000000550244e+02 3.651803349591088432e-01
5.421000000000550472e+02 3.635607150361088724e-01
5.422000000000550699e+02 3.619412545230970002e-01
5.423000000000550926e+02 3.603001568200951965e-01
5.424000000000551154e+02 3.586592309811073020e-01
5.425000000000551381e+02 3.570402880731516349e-01
5.426000000000551609e+02 3.555016612101511431e-01
5.427000000000551836e+02 3.539621301161506861e-01
5.428000000000552063e+02 3.524217585081363957e-01
5.429000000000552291e+02 3.508587837061360459e-01
5.430000000000552518e+02 3.492950623701038260e-01
5.431000000000552745e+02 3.476731243461038678e-01
5.432000000000552973e+02 3.460512600331039357e-01
5.433000000000553200e+02 3.444294937621021901e-01
5.434000000000553428e+02 3.428078424470901719e-01
5.435000000000553655e+02 3.411644951930900560e-01
5.436000000000553882e+02 3.395209962701022377e-01
5.437000000000554110e+02 3.378994567991023823e-01
5.438000000000554337e+02 3.362781933571007964e-01
5.439000000000554564e+02 3.346573302431010699e-01
5.440000000000554792e+02 3.330369791580915506e-01
5.441000000000555019e+02 3.313995365200919641e-01
5.442000000000555247e+02 3.297627520191044326e-01
5.443000000000555474e+02 3.281485193301030279e-01
5.444000000000555701e+02 3.265350838810913703e-01
5.445000000000555929e+02 3.249006795420918969e-01
5.446000000000556156e+02 3.232671658711044338e-01
5.447000000000556383e+02 3.216562090791048045e-01
5.448000000000556611e+02 3.200459595891033127e-01
5.449000000000556838e+02 3.184363738901037078e-01
5.450000000000557066e+02 3.168273962651016462e-01
5.451000000000557293e+02 3.152148191891018247e-01
5.452000000000557520e+02 3.136025167571140915e-01
5.453000000000557748e+02 3.120122237531123277e-01
5.454000000000557975e+02 3.104220172751123163e-01
5.455000000000558202e+02 3.088317855471122697e-01
5.456000000000558430e+02 3.072414065131001126e-01
5.457000000000558657e+02 3.056292638481001300e-01
5.458000000000558884e+02 3.040171408621105131e-01
5.459000000000559112e+02 3.024268227961104394e-01
5.460000000000559339e+02 3.008364217181040967e-01
5.461000000000559567e+02 2.992347189521040729e-01
5.462000000000559794e+02 2.976329301640917024e-01
5.463000000000560021e+02 2.960091442960897656e-01
5.464000000000560249e+02 2.943851254421018249e-01
5.465000000000560476e+02 2.927826375721016006e-01
5.466000000000560703e+02 2.911797566880892640e-01
5.467000000000560931e+02 2.895548804320892122e-01
5.468000000000561158e+02 2.879298517440995742e-01
5.469000000000561386e+02 2.863265176140994406e-01
5.470000000000561613e+02 2.847230330961564859e-01
5.471000000000561840e+02 2.832211118791557736e-01
5.472000000000562068e+02 2.817179048561427868e-01
5.473000000000562295e+02 2.801915370011403006e-01
5.474000000000562522e+02 2.786638647231519106e-01
5.475000000000562750e+02 2.771567798921161785e-01
5.476000000000562977e+02 2.755861984111158125e-01
5.477000000000563205e+02 2.740150382391154937e-01
5.478000000000563432e+02 2.724432993261010627e-01
5.479000000000563659e+02 2.708490735851007414e-01
5.480000000000563887e+02 2.692542611450840506e-01
5.481000000000564114e+02 2.676299103500840437e-01
5.482000000000564341e+02 2.660055933590840804e-01
5.483000000000564569e+02 2.643813101890822304e-01
5.484000000000564796e+02 2.627570608560699239e-01
5.485000000000565024e+02 2.611109345850698982e-01
5.486000000000565251e+02 2.594648426550823506e-01
5.487000000000565478e+02 2.578406954090823322e-01
5.488000000000565706e+02 2.562165820700680885e-01
5.489000000000565933e+02 2.545705928010681407e-01
5.490000000000566160e+02 2.529246379430807323e-01
5.491000000000566388e+02 2.513009367410807271e-01
5.492000000000566615e+02 2.496772655640807637e-01
5.493000000000566843e+02 2.480536244280789338e-01
5.494000000000567070e+02 2.464300133500665346e-01
5.495000000000567297e+02 2.447845237700976562e-01
5.496000000000567525e+02 2.431939493611097181e-01
5.497000000000567752e+02 2.416245806691093012e-01
5.498000000000567979e+02 2.400545091531071373e-01
5.499000000000568207e+02 2.384837348501067100e-01
5.500000000000568434e+02 2.369122577960820208e-01
5.501000000000568662e+02 2.352973314450818032e-01
5.502000000000568889e+02 2.336819854000939944e-01
5.503000000000569116e+02 2.320881603140919902e-01
5.504000000000569344e+02 2.304939211390917286e-01
5.505000000000569571e+02 2.288992678810914949e-01
5.506000000000569798e+02 2.273042005460787773e-01
5.507000000000570026e+02 2.256867673090785231e-01
5.508000000000570253e+02 2.240689144160889767e-01
5.509000000000570481e+02 2.224725992940887187e-01
5.510000000000570708e+02 2.208758701190749463e-01
5.511000000000570935e+02 2.192549399170748703e-01
5.512000000000571163e+02 2.176339478880623124e-01
5.513000000000571390e+02 2.159909325890604082e-01
5.514000000000571617e+02 2.143478546680729346e-01
5.515000000000571845e+02 2.127266764230729135e-01
5.516000000000572072e+02 2.111054364120603100e-01
5.517000000000572300e+02 2.094621715410602825e-01
5.518000000000572527e+02 2.078188441090709770e-01
5.519000000000572754e+02 2.061974180660709199e-01
5.520000000000572982e+02 2.045759303180833266e-01
5.521000000000573209e+02 2.029760656140830732e-01
5.522000000000573436e+02 2.013757920830702430e-01
5.523000000000573664e+02 1.997531371120681576e-01
5.524000000000573891e+02 1.981300678170805352e-01
5.525000000000574119e+02 1.965285623530803327e-01
5.526000000000574346e+02 1.949266481040800580e-01
5.527000000000574573e+02 1.933243250830798399e-01
5.528000000000574801e+02 1.917215932980651238e-01
5.529000000000575028e+02 1.900964635800648783e-01
5.530000000000575255e+02 1.884709196030654732e-01
5.531000000000575483e+02 1.868463715830654404e-01
5.532000000000575710e+02 1.852217731420654212e-01
5.533000000000575938e+02 1.835971242980635187e-01
5.534000000000576165e+02 1.819724250690508416e-01
5.535000000000576392e+02 1.803256818540507900e-01
5.536000000000576620e+02 1.786788876190634479e-01
5.537000000000576847e+02 1.770540366730634085e-01
5.538000000000577074e+02 1.754291354150488425e-01
5.539000000000577302e+02 1.737821889010488230e-01
5.540000000000577529e+02 1.721351914400627292e-01
5.541000000000577757e+02 1.705123041330627032e-01
5.542000000000577984e+02 1.688893254050626291e-01
5.543000000000578211e+02 1.672662552680607151e-01
5.544000000000578439e+02 1.656430937370479695e-01
5.545000000000578666e+02 1.639978424560690762e-01
5.546000000000578893e+02 1.623891056810813083e-01
5.547000000000579121e+02 1.608015438180808443e-01
5.548000000000579348e+02 1.592131584510785569e-01
5.549000000000579575e+02 1.576239495300781057e-01
5.550000000000579803e+02 1.560339170070517700e-01
5.551000000000580030e+02 1.543984656820515666e-01
5.552000000000580258e+02 1.527626600370641241e-01
5.553000000000580485e+02 1.511485334130620861e-01
5.554000000000580712e+02 1.495340572360618903e-01
5.555000000000580940e+02 1.479192315330417895e-01
5.556000000000581167e+02 1.462698171410292125e-01
5.557000000000581394e+02 1.445987849340294729e-01
5.558000000000581622e+02 1.429281729400406209e-01
5.559000000000581849e+02 1.412800079830408839e-01
5.560000000000582077e+02 1.396322576440251206e-01
5.561000000000582304e+02 1.379573948150254192e-01
5.562000000000582531e+02 1.362830803880385466e-01
5.563000000000582759e+02 1.346313274710369823e-01
5.564000000000582986e+02 1.329801158650373016e-01
5.565000000000583213e+02 1.313294457050546704e-01
5.566000000000583441e+02 1.297085637000417457e-01
5.567000000000583668e+02 1.280654842140416250e-01
5.568000000000583896e+02 1.264222128580524962e-01
5.569000000000584123e+02 1.248007603560523926e-01
5.570000000000584350e+02 1.231791185530433236e-01
5.571000000000584578e+02 1.215419449540434405e-01
5.572000000000584805e+02 1.199049918050307251e-01
5.573000000000585032e+02 1.182462516820289578e-01
5.574000000000585260e+02 1.165877351450419763e-01
5.575000000000585487e+02 1.149514467500420967e-01
5.576000000000585715e+02 1.133153790730422328e-01
5.577000000000585942e+02 1.116795321800423679e-01
5.578000000000586169e+02 1.100439061370277194e-01
5.579000000000586397e+02 1.083865025340278593e-01
5.580000000000586624e+02 1.067293229210427574e-01
5.581000000000586851e+02 1.050975390090428396e-01
5.582000000000587079e+02 1.034658790100429077e-01
5.583000000000587306e+02 1.018343429350411083e-01
5.584000000000587534e+02 1.002029307960282667e-01
5.585000000000587761e+02 9.854964982172834120e-02
5.586000000000587988e+02 9.689649448324133552e-02
5.587000000000588216e+02 9.526545589324141028e-02
5.588000000000588443e+02 9.363454128232667761e-02
5.589000000000588670e+02 9.198176123712674401e-02
5.590000000000588898e+02 9.032910687133599570e-02
5.591000000000589125e+02 8.869214865043621721e-02
5.592000000000589353e+02 8.705554965553642666e-02
5.593000000000589580e+02 8.541930991063477474e-02
5.594000000000589807e+02 8.378342943992202196e-02
5.595000000000590035e+02 8.212593183381153294e-02
5.596000000000590262e+02 8.045065437562513855e-02
5.597000000000590489e+02 7.879844992282579452e-02
5.598000000000590717e+02 7.714734182292455611e-02
5.599000000000590944e+02 7.549732985692521325e-02
5.600000000000591172e+02 7.384841380552933932e-02
5.601000000000591399e+02 7.220649722052924213e-02
5.602000000000591626e+02 7.056441873444212198e-02
5.603000000000591854e+02 6.894412111324017822e-02
5.604000000000592081e+02 6.732366377794010703e-02
5.605000000000592308e+02 6.570304674384000454e-02
5.606000000000592536e+02 6.408227002672690908e-02
5.607000000000592763e+02 6.243938658182681539e-02
5.608000000000592991e+02 6.079634133023787551e-02
5.609000000000593218e+02 5.917508350263777500e-02
5.610000000000593445e+02 5.755366605422268522e-02
5.611000000000593673e+02 5.590681796072270726e-02
5.612000000000593900e+02 5.426000363683575189e-02
5.613000000000594127e+02 5.263517271063392761e-02
5.614000000000594355e+02 5.101037513103394427e-02
5.615000000000594582e+02 4.938561091272755665e-02
5.616000000000594810e+02 4.775009883341496675e-02
5.617000000000595037e+02 4.609341484451542903e-02
5.618000000000595264e+02 4.443750809842707261e-02
5.619000000000595492e+02 4.280430702292752770e-02
5.620000000000595719e+02 4.117187281310309005e-02
5.621000000000595946e+02 4.033773846550311321e-02
5.622000000000596174e+02 3.950364740651619855e-02
5.623000000000596401e+02 3.869152118501530124e-02
5.624000000000596629e+02 3.787943712360224841e-02
5.625000000000596856e+02 3.704547482980227041e-02
5.626000000000597083e+02 3.621155585221538104e-02
5.627000000000597311e+02 3.539959945431540161e-02
5.628000000000597538e+02 3.458768524360139596e-02
5.629000000000597765e+02 3.375389511280142696e-02
5.630000000000597993e+02 3.292014832571577704e-02
5.631000000000598220e+02 3.211039941831574096e-02
5.632000000000598448e+02 3.130058976540259219e-02
5.633000000000598675e+02 3.046879937720161496e-02
5.634000000000598902e+02 2.963694662491470760e-02
5.635000000000599130e+02 2.882695315581467257e-02
5.636000000000599357e+02 2.801689897990150210e-02
5.637000000000599584e+02 2.718486083190146604e-02
5.638000000000599812e+02 2.635276035930048111e-02
5.639000000000600039e+02 2.552059757170044643e-02
5.640000000000600267e+02 2.468837247911175037e-02
5.641000000000600494e+02 2.387498455491183710e-02
5.642000000000600721e+02 2.306174037059876419e-02
5.643000000000600949e+02 2.222672023119790646e-02
5.644000000000601176e+02 2.139184805761117428e-02
5.645000000000601403e+02 2.057903991171395122e-02
5.646000000000601631e+02 1.977084914160063406e-02
5.647000000000601858e+02 1.894051516220049761e-02
5.648000000000602085e+02 1.810995388141262846e-02
5.649000000000602313e+02 1.730109317121249560e-02
5.650000000000602540e+02 1.649201113649804290e-02
5.651000000000602768e+02 1.565894272749802224e-02
5.652000000000602995e+02 1.482584186599800354e-02
5.653000000000603222e+02 1.399270855879703769e-02
5.654000000000603450e+02 1.315954281301025784e-02
5.655000000000603677e+02 1.234827763321023897e-02
5.656000000000603904e+02 1.153698088099697899e-02
5.657000000000604132e+02 1.070371871359696025e-02
5.658000000000604359e+02 9.870424135419258310e-03
5.659000000000604587e+02 9.059031855309240475e-03
5.660000000000604814e+02 8.247608030216596608e-03
5.661000000000605041e+02 7.415280032936432016e-03
5.662000000000605269e+02 6.582680717919541999e-03
5.663000000000605496e+02 5.771755907388459450e-03
5.664000000000605723e+02 4.960566885814996461e-03
5.665000000000605951e+02 4.127160653814831645e-03
5.666000000000606178e+02 3.293483033687974546e-03
5.667000000000606406e+02 2.481494132767814859e-03
5.668000000000606633e+02 1.669240951643394515e-03
