5.370000000000538876e+02 8.908207086171724439e-13
5.371000000000539103e+02 8.265830114294857051e-04
5.372000000000539330e+02 1.653277884035546028e-03
5.373000000000539558e+02 2.480084613836546284e-03
5.374000000000539785e+02 3.307003195976606670e-03
5.375000000000540012e+02 4.134033625577273642e-03
5.376000000000540240e+02 4.962298335799292422e-03
5.377000000000540467e+02 5.812820068549561653e-03
5.378000000000540695e+02 6.663840825059011430e-03
5.379000000000540922e+02 7.493577024149274124e-03
5.380000000000541149e+02 8.323799598508551528e-03
5.381000000000541377e+02 9.152684896838635814e-03
5.382000000000541604e+02 9.981726333608718568e-03
5.383000000000541831e+02 1.081092388724974769e-02
5.384000000000542059e+02 1.164027753634983182e-02
5.385000000000542286e+02 1.246978725924992489e-02
5.386000000000542514e+02 1.329946946045001618e-02
5.387000000000542741e+02 1.412932096085010684e-02
5.388000000000542968e+02 1.495933757276298945e-02
5.389000000000543196e+02 1.581132294756307233e-02
5.390000000000543423e+02 1.666346673495067501e-02
5.391000000000543650e+02 1.749279261485069126e-02
5.392000000000543878e+02 1.832214967825070498e-02
5.393000000000544105e+02 1.915153058405165767e-02
5.394000000000544333e+02 1.998092774075166042e-02
5.395000000000544560e+02 2.081033343285166801e-02
5.396000000000544787e+02 2.163974885685166633e-02
5.397000000000545015e+02 2.246916414795166114e-02
5.398000000000545242e+02 2.329856944355259210e-02
5.399000000000545469e+02 2.412795505235258015e-02
5.400000000000545697e+02 2.495731162196372643e-02
5.401000000000545924e+02 2.580709881996365307e-02
5.402000000000546152e+02 2.665675163865167258e-02
5.403000000000546379e+02 2.748444955215253310e-02
5.404000000000546606e+02 2.831200122975244954e-02
5.405000000000546834e+02 2.913940156344865459e-02
5.406000000000547061e+02 2.995986233594835971e-02
5.407000000000547288e+02 3.077978312124806520e-02
5.408000000000547516e+02 3.159916715124871239e-02
5.409000000000547743e+02 3.241801963194841651e-02
5.410000000000547971e+02 3.323634786645537215e-02
5.411000000000548198e+02 3.406736852755545136e-02
5.412000000000548425e+02 3.489852680716747091e-02
5.413000000000548653e+02 3.575162341636853314e-02
5.414000000000548880e+02 3.660489298985667578e-02
5.415000000000549107e+02 3.743656436965680373e-02
5.416000000000549335e+02 3.826846227495690062e-02
5.417000000000549562e+02 3.910054071005700238e-02
5.418000000000549790e+02 3.993279915045804679e-02
5.419000000000550017e+02 4.076523736735813974e-02
5.420000000000550244e+02 4.159785547081130269e-02
5.421000000000550472e+02 4.325404525461128830e-02
5.422000000000550699e+02 4.491019060062325513e-02
5.423000000000550926e+02 4.658809434012513989e-02
5.424000000000551154e+02 4.826595778181310553e-02
5.425000000000551381e+02 4.992198435231949560e-02
5.426000000000551609e+02 5.158960564621985906e-02
5.427000000000551836e+02 5.325788797152022913e-02
5.428000000000552063e+02 5.492683758103455299e-02
5.429000000000552291e+02 5.661827894733493377e-02
5.430000000000552518e+02 5.831040901461569809e-02
5.431000000000552745e+02 5.996772192671565721e-02
5.432000000000552973e+02 6.162496899781562398e-02
5.433000000000553200e+02 6.328215483671748021e-02
5.434000000000553428e+02 6.493928320532953158e-02
5.435000000000553655e+02 6.661817741342945798e-02
5.436000000000553882e+02 6.829696133411736203e-02
5.437000000000554110e+02 6.995387178941735173e-02
5.438000000000554337e+02 7.161075983861923955e-02
5.439000000000554564e+02 7.326765647341924870e-02
5.440000000000554792e+02 7.492459292863191955e-02
5.441000000000555019e+02 7.660436979103200927e-02
5.442000000000555247e+02 7.828428968362000084e-02
5.443000000000555474e+02 7.994256481782199830e-02
5.444000000000555701e+02 8.160104328152212316e-02
5.445000000000555929e+02 8.325975375522226551e-02
5.446000000000556156e+02 8.491872365042239801e-02
5.447000000000556383e+02 8.657792956582253951e-02
5.448000000000556611e+02 8.823737800753671257e-02
5.449000000000556838e+02 8.991889110853684697e-02
5.450000000000557066e+02 9.160064804102774350e-02
5.451000000000557293e+02 9.326605311512796426e-02
5.452000000000557520e+02 9.493186833172818917e-02
5.453000000000557748e+02 9.659807655063028242e-02
5.454000000000557975e+02 9.826465488744266785e-02
5.455000000000558202e+02 9.995340302894283047e-02
5.456000000000558430e+02 1.016424604769308598e-01
5.457000000000558657e+02 1.033100704739310788e-01
5.458000000000558884e+02 1.049780532389331666e-01
5.459000000000559112e+02 1.066463972969333707e-01
5.460000000000559339e+02 1.083150879609434680e-01
5.461000000000559567e+02 1.100018449419435801e-01
5.462000000000559794e+02 1.116887881489314477e-01
5.463000000000560021e+02 1.133540514229334079e-01
5.464000000000560249e+02 1.150194443249334675e-01
5.465000000000560476e+02 1.166849335979334989e-01
5.466000000000560703e+02 1.183504817529458242e-01
5.467000000000560931e+02 1.200380285179459133e-01
5.468000000000561158e+02 1.217257309519356595e-01
5.469000000000561386e+02 1.233917420659357417e-01
5.470000000000561613e+02 1.250579068049613995e-01
5.471000000000561840e+02 1.267697521939621375e-01
5.472000000000562068e+02 1.284829562999752206e-01
5.473000000000562295e+02 1.302193941609779693e-01
5.474000000000562522e+02 1.319572093849664118e-01
5.475000000000562750e+02 1.336745101149499904e-01
5.476000000000562977e+02 1.353626154939503168e-01
5.477000000000563205e+02 1.370513194799506673e-01
5.478000000000563432e+02 1.387406221229652570e-01
5.479000000000563659e+02 1.404524315129656031e-01
5.480000000000563887e+02 1.421648475219381702e-01
5.481000000000564114e+02 1.438286172899381765e-01
5.482000000000564341e+02 1.454923509009381499e-01
5.483000000000564569e+02 1.471560483389399987e-01
5.484000000000564796e+02 1.488197095869523701e-01
5.485000000000565024e+02 1.505052454219523439e-01
5.486000000000565251e+02 1.521907445629399336e-01
5.487000000000565478e+02 1.538542966689399050e-01
5.488000000000565706e+02 1.555178125169418002e-01
5.489000000000565933e+02 1.571812920899417765e-01
5.490000000000566160e+02 1.588447353709542542e-01
5.491000000000566388e+02 1.605302496539542656e-01
5.492000000000566615e+02 1.622157313329418427e-01
5.493000000000566843e+02 1.638792713969437209e-01
5.494000000000567070e+02 1.655427792409436827e-01
5.495000000000567297e+02 1.672062548509652968e-01
5.496000000000567525e+02 1.689078177789657131e-01
5.497000000000567752e+02 1.706100994159661099e-01
5.498000000000567979e+02 1.723130997239809004e-01
5.499000000000568207e+02 1.740387461879813191e-01
5.500000000000568434e+02 1.757651207199603383e-01
5.501000000000568662e+02 1.774545922829605937e-01
5.502000000000568889e+02 1.791444886229608402e-01
5.503000000000569116e+02 1.808348097319630032e-01
5.504000000000569344e+02 1.825255556049757422e-01
5.505000000000569571e+02 1.842386724729759839e-01
5.506000000000569798e+02 1.859522196849637266e-01
5.507000000000570026e+02 1.876442454039639884e-01
5.508000000000570253e+02 1.893366958609661310e-01
5.509000000000570481e+02 1.910295710509663791e-01
5.510000000000570708e+02 1.927228709689671193e-01
5.511000000000570935e+02 1.944174662579671309e-01
5.512000000000571163e+02 1.961121245889546616e-01
5.513000000000571390e+02 1.977848844879565859e-01
5.514000000000571617e+02 1.994577065709566277e-01
5.515000000000571845e+02 2.011305908239566786e-01
5.516000000000572072e+02 2.028035372309692497e-01
5.517000000000572300e+02 2.044985088869692991e-01
5.518000000000572527e+02 2.061935434929586808e-01
5.519000000000572754e+02 2.078666770999587077e-01
5.520000000000572982e+02 2.095398728009716660e-01
5.521000000000573209e+02 2.112356977249719159e-01
5.522000000000573436e+02 2.129319416219847272e-01
5.523000000000573664e+02 2.146505771069869284e-01
5.524000000000573891e+02 2.163696370629745735e-01
5.525000000000574119e+02 2.180671433349748167e-01
5.526000000000574346e+02 2.197650685369750556e-01
5.527000000000574573e+02 2.214634126589752894e-01
5.528000000000574801e+02 2.231621756889901331e-01
5.529000000000575028e+02 2.248833467979903522e-01
5.530000000000575255e+02 2.266049423129634921e-01
5.531000000000575483e+02 2.282798183929635183e-01
5.532000000000575710e+02 2.299547447179635384e-01
5.533000000000575938e+02 2.316297212679654660e-01
5.534000000000576165e+02 2.333047480259781981e-01
5.535000000000576392e+02 2.350018185939782289e-01
5.536000000000576620e+02 2.366989400049655523e-01
5.537000000000576847e+02 2.383741179499655749e-01
5.538000000000577074e+02 2.400493460329675421e-01
5.539000000000577302e+02 2.417246242319675553e-01
5.540000000000577529e+02 2.433999525319820723e-01
5.541000000000577757e+02 2.451004392409821264e-01
5.542000000000577984e+02 2.468010199369694846e-01
5.543000000000578211e+02 2.484796974679714388e-01
5.544000000000578439e+02 2.501584677319714789e-01
5.545000000000578666e+02 2.518373307150046370e-01
5.546000000000578893e+02 2.535734490390051388e-01
5.547000000000579121e+02 2.553104172360056157e-01
5.548000000000579348e+02 2.570482353580208490e-01
5.549000000000579575e+02 2.588089241210213554e-01
5.550000000000579803e+02 2.605704740579868894e-01
5.551000000000580030e+02 2.622725256739870670e-01
5.552000000000580258e+02 2.639749340349872853e-01
5.553000000000580485e+02 2.656776991149894518e-01
5.554000000000580712e+02 2.673808208870024350e-01
5.555000000000580940e+02 2.691063373489657740e-01
5.556000000000581167e+02 2.707688329419527529e-01
5.557000000000581394e+02 2.724088643849525426e-01
5.558000000000581622e+02 2.740484696999541114e-01
5.559000000000581849e+02 2.756876488859539287e-01
5.560000000000582077e+02 2.773264019379599321e-01
5.561000000000582304e+02 2.789756161119596456e-01
5.562000000000582531e+02 2.806242556809464550e-01
5.563000000000582759e+02 2.822503075339480305e-01
5.564000000000582986e+02 2.838757918679477021e-01
5.565000000000583213e+02 2.855007085469851158e-01
5.566000000000583441e+02 2.871898127449980520e-01
5.567000000000583668e+02 2.889011189749981501e-01
5.568000000000583896e+02 2.906126216259873885e-01
5.569000000000584123e+02 2.923023099759874954e-01
5.570000000000584350e+02 2.939921921779657943e-01
5.571000000000584578e+02 2.956449483259656619e-01
5.572000000000584805e+02 2.972974723459783641e-01
5.573000000000585032e+02 2.989717716609801568e-01
5.574000000000585260e+02 3.006458357089671352e-01
5.575000000000585487e+02 3.022976599329669778e-01
5.576000000000585715e+02 3.039492517579668318e-01
5.577000000000585942e+02 3.056006111139667469e-01
5.578000000000586169e+02 3.072517379349813949e-01
5.579000000000586397e+02 3.089246306309811896e-01
5.580000000000586624e+02 3.105972876499737412e-01
5.581000000000586851e+02 3.122571502309736680e-01
5.582000000000587079e+02 3.139168846219735354e-01
5.583000000000587306e+02 3.155764908139753744e-01
5.584000000000587534e+02 3.172359687959881991e-01
5.585000000000587761e+02 3.189173113369881407e-01
5.586000000000587988e+02 3.205985239699751799e-01
5.587000000000588216e+02 3.222576155809750431e-01
5.588000000000588443e+02 3.239165789399768847e-01
5.589000000000588670e+02 3.255754140369768179e-01
5.590000000000588898e+02 3.272341208609756413e-01
5.591000000000589125e+02 3.288908903569754405e-01
5.592000000000589353e+02 3.305472840039622717e-01
5.593000000000589580e+02 3.321813204849639045e-01
5.594000000000589807e+02 3.338149859309636480e-01
5.595000000000590035e+02 3.354482803179186789e-01
5.596000000000590262e+02 3.370051988419179856e-01
5.597000000000590489e+02 3.385610100469172989e-01
5.598000000000590717e+02 3.401157141599314149e-01
5.599000000000590944e+02 3.416912583079307342e-01
5.600000000000591172e+02 3.432656810569957861e-01
5.601000000000591399e+02 3.449500301849958150e-01
5.602000000000591626e+02 3.466345420409959188e-01
5.603000000000591854e+02 3.483192166099979281e-01
5.604000000000592081e+02 3.500040538770110010e-01
5.605000000000592308e+02 3.517109987310111374e-01
5.606000000000592536e+02 3.534181084069982770e-01
5.607000000000592763e+02 3.551034358279983039e-01
5.608000000000592991e+02 3.567889258850003853e-01
5.609000000000593218e+02 3.584745785620004344e-01
5.610000000000593445e+02 3.601603938430008034e-01
5.611000000000593673e+02 3.618468371100008185e-01
5.612000000000593900e+02 3.635332444459877799e-01
5.613000000000594127e+02 3.651976662199896140e-01
5.614000000000594355e+02 3.668620524859895760e-01
5.615000000000594582e+02 3.685264032269398582e-01
5.616000000000594810e+02 3.701071539349524708e-01
5.617000000000595037e+02 3.717090565199520080e-01
5.618000000000595264e+02 3.733101618319402681e-01
5.619000000000595492e+02 3.748885414459398047e-01
5.620000000000595719e+02 3.764661341679866879e-01
5.621000000000595946e+02 3.781224527569866378e-01
5.622000000000596174e+02 3.797786835139996264e-01
5.623000000000596401e+02 3.814567479670015193e-01
5.624000000000596629e+02 3.831347234179883765e-01
5.625000000000596856e+02 3.847906894569882996e-01
5.626000000000597083e+02 3.864465676118705173e-01
5.627000000000597311e+02 3.879050845598704944e-01
5.628000000000597538e+02 3.893635238824920131e-01
5.629000000000597765e+02 3.901862602714919470e-01
5.630000000000597993e+02 3.910089521645068178e-01
5.631000000000598220e+02 3.918564647225067921e-01
5.632000000000598448e+02 3.927040379945068715e-01
5.633000000000598675e+02 3.935516719695078547e-01
5.634000000000598902e+02 3.943993666375079088e-01
5.635000000000599130e+02 3.952471219905079325e-01
5.636000000000599357e+02 3.960949380185211366e-01
5.637000000000599584e+02 3.969647379865211545e-01
5.638000000000599812e+02 3.978346002485090294e-01
5.639000000000600039e+02 3.986825998825090367e-01
5.640000000000600267e+02 3.995306601534786006e-01
5.641000000000600494e+02 4.003280238674785108e-01
5.642000000000600721e+02 4.011252141824783735e-01
5.643000000000600949e+02 4.019222309454792419e-01
5.644000000000601176e+02 4.027190740054791274e-01
5.645000000000601403e+02 4.035157432095340391e-01
5.646000000000601631e+02 4.044037324625341934e-01
5.647000000000601858e+02 4.052919494655343180e-01
5.648000000000602085e+02 4.061803942195354455e-01
5.649000000000602313e+02 4.070690667285355446e-01
5.650000000000602540e+02 4.079579669945201381e-01
5.651000000000602768e+02 4.088212204535201511e-01
5.652000000000602995e+02 4.096845060295069563e-01
5.653000000000603222e+02 4.105258915725079061e-01
5.654000000000603450e+02 4.113673083675079556e-01
5.655000000000603677e+02 4.122087564075079813e-01
5.656000000000603904e+02 4.130502356865080049e-01
5.657000000000604132e+02 4.138917461985080481e-01
5.658000000000604359e+02 4.147332879365089875e-01
5.659000000000604587e+02 4.155748608955090462e-01
5.660000000000604814e+02 4.164164650675452051e-01
5.661000000000605041e+02 4.173179195445453904e-01
5.662000000000605269e+02 4.182196483411739218e-01
5.663000000000605496e+02 4.185071679571742420e-01
5.664000000000605723e+02 4.187947619490413054e-01
5.665000000000605951e+02 4.188629005000413241e-01
5.666000000000606178e+02 4.189310420100412768e-01
5.667000000000606406e+02 4.189991864790412746e-01
5.668000000000606633e+02 4.190673339050413615e-01
5.669000000000606860e+02 4.191354842900413824e-01
5.670000000000607088e+02 4.192036376330213754e-01
5.671000000000607315e+02 4.192388782440213957e-01
5.672000000000607542e+02 4.192741146500213456e-01
5.673000000000607770e+02 4.193093468500214138e-01
5.674000000000607997e+02 4.193445748450214117e-01
5.675000000000608225e+02 4.193797986360214280e-01
5.676000000000608452e+02 4.194150182230214075e-01
5.677000000000608679e+02 4.194502336070214388e-01
5.678000000000608907e+02 4.194854447870214331e-01
5.679000000000609134e+02 4.195206517640214239e-01
5.680000000000609361e+02 4.195558545389805327e-01
5.681000000000609589e+02 4.195239091769805140e-01
5.682000000000609816e+02 4.194919366109804981e-01
5.683000000000610044e+02 4.194599368399804518e-01
5.684000000000610271e+02 4.194279098629803970e-01
5.685000000000610498e+02 4.193958556779803781e-01
5.686000000000610726e+02 4.193637742849803951e-01
5.687000000000610953e+02 4.193316656829804145e-01
5.688000000000611180e+02 4.192995298709803476e-01
5.689000000000611408e+02 4.192673668469802939e-01
5.690000000000611635e+02 4.192351766110310463e-01
5.691000000000611863e+02 4.192859291560310231e-01
5.692000000000612090e+02 4.193366807400310536e-01
5.693000000000612317e+02 4.193874313620311045e-01
5.694000000000612545e+02 4.194381810210310868e-01
5.695000000000612772e+02 4.194889297190310673e-01
5.696000000000612999e+02 4.195396774560311015e-01
5.697000000000613227e+02 4.195904242310311005e-01
5.698000000000613454e+02 4.196411700440311199e-01
5.699000000000613682e+02 4.196919148970311153e-01
5.700000000000613909e+02 4.197426587880943027e-01
5.701000000000614136e+02 4.198962648070942993e-01
5.702000000000614364e+02 4.200498984560943061e-01
5.703000000000614591e+02 4.202035597360945229e-01
5.704000000000614818e+02 4.203572486490945170e-01
5.705000000000615046e+02 4.205109651950359462e-01
5.706000000000615273e+02 4.205694501570359511e-01
5.707000000000615501e+02 4.206279362600359728e-01
5.708000000000615728e+02 4.206864235030360333e-01
5.709000000000615955e+02 4.207449118890360107e-01
5.710000000000616183e+02 4.208034014150401902e-01
5.711000000000616410e+02 4.208686116140402111e-01
5.712000000000616637e+02 4.209338236610402073e-01
5.713000000000616865e+02 4.209990375550402564e-01
5.714000000000617092e+02 4.210642532950402694e-01
5.715000000000617320e+02 4.211294708820402244e-01
5.716000000000617547e+02 4.211946903150402544e-01
5.717000000000617774e+02 4.212599115950402262e-01
5.718000000000618002e+02 4.213251347200403507e-01
5.719000000000618229e+02 4.213903596910403837e-01
5.720000000000618456e+02 4.214555865080240604e-01
5.721000000000618684e+02 4.214944840740240117e-01
5.722000000000618911e+02 4.215333781500240629e-01
5.723000000000619139e+02 4.215722687360241028e-01
5.724000000000619366e+02 4.216111558310240981e-01
5.725000000000619593e+02 4.216500394380240935e-01
5.726000000000619821e+02 4.216889195550240776e-01
5.727000000000620048e+02 4.217277961830240840e-01
5.728000000000620275e+02 4.217666693240241238e-01
5.729000000000620503e+02 4.218055389750241524e-01
5.730000000000620730e+02 4.218444051400945805e-01
5.731000000000620958e+02 4.219967571560945818e-01
5.732000000000621185e+02 4.221491350600946046e-01
5.733000000000621412e+02 4.223015388520948155e-01
5.734000000000621640e+02 4.224539685320948257e-01
5.735000000000621867e+02 4.226064240990353715e-01
5.736000000000622094e+02 4.226632803780353553e-01
5.737000000000622322e+02 4.227201368180353858e-01
5.738000000000622549e+02 4.227769934190354073e-01
5.739000000000622776e+02 4.228338501820353978e-01
5.740000000000623004e+02 4.228907071050604372e-01
5.741000000000623231e+02 4.229877369110604524e-01
5.742000000000623459e+02 4.230847647760604402e-01
5.743000000000623686e+02 4.231817907020605785e-01
5.744000000000623913e+02 4.232788146860605449e-01
5.745000000000624141e+02 4.233758367290605396e-01
5.746000000000624368e+02 4.234728568320605402e-01
5.747000000000624595e+02 4.235698749920605577e-01
5.748000000000624823e+02 4.236668912110606589e-01
5.749000000000625050e+02 4.237639054870606659e-01
5.750000000000625278e+02 4.238609178200906102e-01
5.751000000000625505e+02 4.240058414000906772e-01
5.752000000000625732e+02 4.241507855330906573e-01
5.753000000000625960e+02 4.242957502190908281e-01
5.754000000000626187e+02 4.244407354570908231e-01
5.755000000000626414e+02 4.245857412440307566e-01
5.756000000000626642e+02 4.246348049140307723e-01
5.757000000000626869e+02 4.246838669570307534e-01
5.758000000000627097e+02 4.247329273740307887e-01
5.759000000000627324e+02 4.247819861650308226e-01
5.760000000000627551e+02 4.248310433290930499e-01
5.761000000000627779e+02 4.249792665150930460e-01
5.762000000000628006e+02 4.251275126110930502e-01
5.763000000000628233e+02 4.252757816180932071e-01
5.764000000000628461e+02 4.254240735330932499e-01
5.765000000000628688e+02 4.255723883590328827e-01
5.766000000000628916e+02 4.256246482940328479e-01
5.767000000000629143e+02 4.256769075450328454e-01
5.768000000000629370e+02 4.257291661110328973e-01
5.769000000000629598e+02 4.257814239930329259e-01
5.770000000000629825e+02 4.258336811900792496e-01
5.771000000000630052e+02 4.259595837210793379e-01
5.772000000000630280e+02 4.260854944480793050e-01
5.773000000000630507e+02 4.262114133680794392e-01
5.774000000000630735e+02 4.263373404780794185e-01
5.775000000000630962e+02 4.264632757750187464e-01
5.776000000000631189e+02 4.264930539680187871e-01
5.777000000000631417e+02 4.265228269160187824e-01
5.778000000000631644e+02 4.265525946180188099e-01
5.779000000000631871e+02 4.265823570770188033e-01
5.780000000000632099e+02 4.266121142920996645e-01
5.781000000000632326e+02 4.267697755790996750e-01
5.782000000000632554e+02 4.269274659910997083e-01
5.783000000000632781e+02 4.270851855270998421e-01
5.784000000000633008e+02 4.272429341890999210e-01
5.785000000000633236e+02 4.274007119780389718e-01
5.786000000000633463e+02 4.274622436140389503e-01
5.787000000000633690e+02 4.275237766620389457e-01
5.788000000000633918e+02 4.275853111210390356e-01
5.789000000000634145e+02 4.276468469910389980e-01
5.790000000000634373e+02 4.277083842730939334e-01
5.791000000000634600e+02 4.278564629380939288e-01
5.792000000000634827e+02 4.280045639330939955e-01
5.793000000000635055e+02 4.281526872560941221e-01
5.794000000000635282e+02 4.283008329070941422e-01
5.795000000000635509e+02 4.284490008840329267e-01
5.796000000000635737e+02 4.285007905610329071e-01
5.797000000000635964e+02 4.285525792610329066e-01
5.798000000000636192e+02 4.286043669860329919e-01
5.799000000000636419e+02 4.286561537340329853e-01
5.800000000000636646e+02 4.287079395060210962e-01
5.801000000000636874e+02 4.287411131620210702e-01
5.802000000000637101e+02 4.287742821470210686e-01
5.803000000000637328e+02 4.288074464610211467e-01
5.804000000000637556e+02 4.288406061050211715e-01
5.805000000000637783e+02 4.288737610800826827e-01
5.806000000000638011e+02 4.290034033780827372e-01
5.807000000000638238e+02 4.291330559220827290e-01
5.808000000000638465e+02 4.292627187080828577e-01
5.809000000000638693e+02 4.293923917330828566e-01
5.810000000000638920e+02 4.295220749949944516e-01
5.811000000000639147e+02 4.295133490779944330e-01
5.812000000000639375e+02 4.295046218139944583e-01
5.813000000000639602e+02 4.294958932049943723e-01
5.814000000000639830e+02 4.294871632509943971e-01
5.815000000000640057e+02 4.294784319520561500e-01
5.816000000000640284e+02 4.295662093550561833e-01
5.817000000000640512e+02 4.296539814890562026e-01
5.818000000000640739e+02 4.297417483540562633e-01
5.819000000000640966e+02 4.298295099510562878e-01
5.820000000000641194e+02 4.299172662790173849e-01
5.821000000000641421e+02 4.299443983100173505e-01
5.822000000000641649e+02 4.299715248100173803e-01
5.823000000000641876e+02 4.299986457790174188e-01
5.824000000000642103e+02 4.300257612170174104e-01
5.825000000000642331e+02 4.300528711260794279e-01
5.826000000000642558e+02 4.301765142200794090e-01
5.827000000000642785e+02 4.303001639520794286e-01
5.828000000000643013e+02 4.304238203160795639e-01
5.829000000000643240e+02 4.305474833130796264e-01
5.830000000000643468e+02 4.306711529360319757e-01
5.831000000000643695e+02 4.307208805250319905e-01
5.832000000000643922e+02 4.307706065550319652e-01
5.833000000000644150e+02 4.308203310260320107e-01
5.834000000000644377e+02 4.308700539380320160e-01
5.835000000000644604e+02 4.309197752920317925e-01
5.836000000000644832e+02 4.309691399520316768e-01
5.837000000000645059e+02 4.310182746420315736e-01
5.838000000000645286e+02 4.310672974010316683e-01
5.839000000000645514e+02 4.311163175670316705e-01
5.840000000000645741e+02 4.311654357780090319e-01
5.841000000000645969e+02 4.311794534190092065e-01
5.842000000000646196e+02 4.311937438920094290e-01
5.843000000000646423e+02 4.312083816190097063e-01
5.844000000000646651e+02 4.312234322760100658e-01
5.845000000000646878e+02 4.312389528010727169e-01
5.846000000000647105e+02 4.313513300010728968e-01
5.847000000000647333e+02 4.314640434780732114e-01
5.848000000000647560e+02 4.315772423560737536e-01
5.849000000000647788e+02 4.316910583970742232e-01
5.850000000000648015e+02 4.318056059750244313e-01
5.851000000000648242e+02 4.318432962340249537e-01
5.852000000000648470e+02 4.318818836220256197e-01
5.853000000000648697e+02 4.319214297040263051e-01
5.854000000000648924e+02 4.319619785420270031e-01
5.855000000000649152e+02 4.320035566860277454e-01
5.856000000000649379e+02 4.320463511740285090e-01
5.857000000000649607e+02 4.320902899740292069e-01
5.858000000000649834e+02 4.321352878840298839e-01
5.859000000000650061e+02 4.321812465200304265e-01
5.860000000000650289e+02 4.322280543109969786e-01
5.861000000000650516e+02 4.322234209129973692e-01
5.862000000000650743e+02 4.322193743269976962e-01
5.863000000000650971e+02 4.322157632179978171e-01
5.864000000000651198e+02 4.322124231119978677e-01
5.865000000000651426e+02 4.322091763949977294e-01
5.866000000000651653e+02 4.322056542789977640e-01
5.867000000000651880e+02 4.322022084889977633e-01
5.868000000000652108e+02 4.321988258839978281e-01
5.869000000000652335e+02 4.321954845569978554e-01
5.870000000000652562e+02 4.321921538339772995e-01
5.871000000000652790e+02 4.321573502299772551e-01
5.872000000000653017e+02 4.321224449499771469e-01
5.873000000000653245e+02 4.320873810619769162e-01
5.874000000000653472e+02 4.320520928879767464e-01
5.875000000000653699e+02 4.320165060089132814e-01
5.876000000000653927e+02 4.318838368209133582e-01
5.877000000000654154e+02 4.317512722849133899e-01
5.878000000000654381e+02 4.316187969219132947e-01
5.879000000000654609e+02 4.314863996479133545e-01
5.880000000000654836e+02 4.313540737668201119e-01
5.881000000000655064e+02 4.310793300308201625e-01
5.882000000000655291e+02 4.308046877378202133e-01
5.883000000000655518e+02 4.305301531968199757e-01
5.884000000000655746e+02 4.302557370698200656e-01
5.885000000000655973e+02 4.299814543508844733e-01
5.886000000000656200e+02 4.298053418358848687e-01
5.887000000000656428e+02 4.296298502468850478e-01
5.888000000000656655e+02 4.294545824348847685e-01
5.889000000000656883e+02 4.292791680418844291e-01
5.890000000000657110e+02 4.291032634450002714e-01
5.891000000000657337e+02 4.291037107509995674e-01
5.892000000000657565e+02 4.291030755329987012e-01
5.893000000000657792e+02 4.291010923899976626e-01
5.894000000000658019e+02 4.290975220539964274e-01
5.895000000000658247e+02 4.290921513929314424e-01
5.896000000000658474e+02 4.289880017399302914e-01
5.897000000000658702e+02 4.288820656689290023e-01
5.898000000000658929e+02 4.287742227859275834e-01
5.899000000000659156e+02 4.286643876169262124e-01
5.900000000000659384e+02 4.285525095590855260e-01
5.901000000000659611e+02 4.286822551420841343e-01
5.902000000000659838e+02 4.288098962300828099e-01
5.903000000000660066e+02 4.289354831840816451e-01
5.904000000000660293e+02 4.290591012520804104e-01
5.905000000000660521e+02 4.291808706240792248e-01
5.906000000000660748e+02 4.293007697040779891e-01
5.907000000000660975e+02 4.294188073700768715e-01
5.908000000000661203e+02 4.295351955380760645e-01
5.909000000000661430e+02 4.296501725250753134e-01
5.910000000000661657e+02 4.297640030729207861e-01
5.911000000000661885e+02 4.296443170569205217e-01
5.912000000000662112e+02 4.295241685949204302e-01
5.913000000000662340e+02 4.294039021089204322e-01
5.914000000000662567e+02 4.292838877749208804e-01
5.915000000000662794e+02 4.291645214918575757e-01
5.916000000000663022e+02 4.289496387228576846e-01
5.917000000000663249e+02 4.287349315708577913e-01
5.918000000000663476e+02 4.285203845898576946e-01
5.919000000000663704e+02 4.283059867118577113e-01
5.920000000000663931e+02 4.280917312339557190e-01
5.921000000000664159e+02 4.280250340039558066e-01
5.922000000000664386e+02 4.279584640409558882e-01
5.923000000000664613e+02 4.278920278079559325e-01
5.924000000000664841e+02 4.278257361019560112e-01
5.925000000000665068e+02 4.277596040561487678e-01
5.926000000000665295e+02 4.279832604601485069e-01
5.927000000000665523e+02 4.282065598171483356e-01
5.928000000000665750e+02 4.284295755571484454e-01
5.929000000000665977e+02 4.286523725731483103e-01
5.930000000000666205e+02 4.288750071950236942e-01
5.931000000000666432e+02 4.289105500860236342e-01
5.932000000000666660e+02 4.289460787110236928e-01
5.933000000000666887e+02 4.289816235170237357e-01
5.934000000000667114e+02 4.290172062630237537e-01
5.935000000000667342e+02 4.290528400108301610e-01
5.936000000000667569e+02 4.287982891258300677e-01
5.937000000000667796e+02 4.285436620458302204e-01
5.938000000000668024e+02 4.282892523298302279e-01
5.939000000000668251e+02 4.280353311448307219e-01
5.940000000000668479e+02 4.277821473267230390e-01
5.941000000000668706e+02 4.273678948457239057e-01
5.942000000000668933e+02 4.269548072497247881e-01
5.943000000000669161e+02 4.265430653087252666e-01
5.944000000000669388e+02 4.261328274787263837e-01
5.945000000000669615e+02 4.257242300101147237e-01
5.946000000000669843e+02 4.258955681521156555e-01
5.947000000000670070e+02 4.260682319031166010e-01
5.948000000000670298e+02 4.262423440121178020e-01
5.949000000000670525e+02 4.264179928271188968e-01
5.950000000000670752e+02 4.265952322191635115e-01
5.951000000000670980e+02 4.268390100581645474e-01
5.952000000000671207e+02 4.270843321991655284e-01
5.953000000000671434e+02 4.273311493691667740e-01
5.954000000000671662e+02 4.275793774761676436e-01
5.955000000000671889e+02 4.278288975120390636e-01
5.956000000000672117e+02 4.278870333150401328e-01
5.957000000000672344e+02 4.279467520290410887e-01
5.958000000000672571e+02 4.280079131110420265e-01
5.959000000000672799e+02 4.280703542390427163e-01
5.960000000000673026e+02 4.281338912939742225e-01
5.961000000000673253e+02 4.280956085179746795e-01
5.962000000000673481e+02 4.280580035879749667e-01
5.963000000000673708e+02 4.280208265799750333e-01
5.964000000000673936e+02 4.279838059609749612e-01
5.965000000000674163e+02 4.279466486039096296e-01
5.966000000000674390e+02 4.278125960589096999e-01
5.967000000000674618e+02 4.276786336429097557e-01
5.968000000000674845e+02 4.275447482869096372e-01
5.969000000000675072e+02 4.274109182719096345e-01
5.970000000000675300e+02 4.272771132369800329e-01
5.971000000000675527e+02 4.272475090349799332e-01
5.972000000000675755e+02 4.272178241089798489e-01
5.973000000000675982e+02 4.271880021689796747e-01
5.974000000000676209e+02 4.271579782789794999e-01
5.975000000000676437e+02 4.271276788590444573e-01
5.976000000000676664e+02 4.271933906700445260e-01
5.977000000000676891e+02 4.272592392330446520e-01
5.978000000000677119e+02 4.273252094350448171e-01
5.979000000000677346e+02 4.273912904940448398e-01
5.980000000000677574e+02 4.274574759520011757e-01
5.981000000000677801e+02 4.274592218340012573e-01
5.982000000000678028e+02 4.274610902780013322e-01
5.983000000000678256e+02 4.274630877860014500e-01
5.984000000000678483e+02 4.274652251960015525e-01
5.985000000000678710e+02 4.274675176840023738e-01
5.986000000000678938e+02 4.274710408550028151e-01
5.987000000000679165e+02 4.274751981040029736e-01
5.988000000000679393e+02 4.274795949030029130e-01
5.989000000000679620e+02 4.274838627440025740e-01
5.990000000000679847e+02 4.274876591370421197e-01
5.991000000000680075e+02 4.275495966980413787e-01
5.992000000000680302e+02 4.276104370970403856e-01
5.993000000000680529e+02 4.276699153510394313e-01
5.994000000000680757e+02 4.277277923740381849e-01
5.995000000000680984e+02 4.277838549999714579e-01
5.996000000000681212e+02 4.277419703849702493e-01
5.997000000000681439e+02 4.276982992719689514e-01
5.998000000000681666e+02 4.276527208089675458e-01
5.999000000000681894e+02 4.276051489039661146e-01
6.000000000000682121e+02 4.275555322050263451e-01
6.001000000000682348e+02 4.275941681740249023e-01
6.002000000000682576e+02 4.276307356860236109e-01
6.003000000000682803e+02 4.276652862470223249e-01
6.004000000000683031e+02 4.276979060980210523e-01
6.005000000000683258e+02 4.277287162279542199e-01
6.006000000000683485e+02 4.276617003539529560e-01
6.007000000000683713e+02 4.275928952409519535e-01
6.008000000000683940e+02 4.275225141479509494e-01
6.009000000000684167e+02 4.274507962259502247e-01
6.010000000000684395e+02 4.273780064889939889e-01
6.011000000000684622e+02 4.273692618129936727e-01
6.012000000000684850e+02 4.273600458169936056e-01
6.013000000000685077e+02 4.273507009079937635e-01
6.014000000000685304e+02 4.273415954889941970e-01
6.015000000000685532e+02 4.273331239549950644e-01
6.016000000000685759e+02 4.273258826969951185e-01
6.017000000000685986e+02 4.273187964309952402e-01
6.018000000000686214e+02 4.273118499819953398e-01
6.019000000000686441e+02 4.273050325099954083e-01
6.020000000000686668e+02 4.272983375160143149e-01
6.021000000000686896e+02 4.273192208180144336e-01
6.022000000000687123e+02 4.273402004440144952e-01
6.023000000000687351e+02 4.273612829280146186e-01
6.024000000000687578e+02 4.273824791400146483e-01
6.025000000000687805e+02 4.274038042909486523e-01
6.026000000000688033e+02 4.273291122189484259e-01
6.027000000000688260e+02 4.272541565009483344e-01
6.028000000000688487e+02 4.271790109109481759e-01
6.029000000000688715e+02 4.271037405089481154e-01
6.030000000000688942e+02 4.270284016499907853e-01
6.031000000000689170e+02 4.270150368449907585e-01
6.032000000000689397e+02 4.270016826109908625e-01
6.033000000000689624e+02 4.269883692509908180e-01
6.034000000000689852e+02 4.269751184019908719e-01
6.035000000000690079e+02 4.269619430400568016e-01
6.036000000000690306e+02 4.270442240770568332e-01
6.037000000000690534e+02 4.271265914800569941e-01
6.038000000000690761e+02 4.272092208550574144e-01
6.039000000000690989e+02 4.272922749490578043e-01
6.040000000000691216e+02 4.273759036379741749e-01
6.041000000000691443e+02 4.273385660789748020e-01
6.042000000000691671e+02 4.273020719459754146e-01
6.043000000000691898e+02 4.272665316149761305e-01
6.044000000000692125e+02 4.272320424359768998e-01
6.045000000000692353e+02 4.271986887290439849e-01
6.046000000000692580e+02 4.272622117980446887e-01
6.047000000000692808e+02 4.273267428130453349e-01
6.048000000000693035e+02 4.273922562530460545e-01
6.049000000000693262e+02 4.274587092360466745e-01
6.050000000000693490e+02 4.275260415069940811e-01
6.051000000000693717e+02 4.275175150529945678e-01
6.052000000000693944e+02 4.275097055959949932e-01
6.053000000000694172e+02 4.275025003409953506e-01
6.054000000000694399e+02 4.274957691499955414e-01
6.055000000000694627e+02 4.274893645460621228e-01
6.056000000000694854e+02 4.275787555160623921e-01
6.057000000000695081e+02 4.276686100770626942e-01
6.058000000000695309e+02 4.277588720920630361e-01
6.059000000000695536e+02 4.278494766910632130e-01
6.060000000000695763e+02 4.279403502670037773e-01
6.061000000000695991e+02 4.279457567820038055e-01
6.062000000000696218e+02 4.279512606590038515e-01
6.063000000000696446e+02 4.279567620110037995e-01
6.064000000000696673e+02 4.279621522630036035e-01
6.065000000000696900e+02 4.279673141460699770e-01
6.066000000000697128e+02 4.280677579290699808e-01
6.067000000000697355e+02 4.281682021900700130e-01
6.068000000000697582e+02 4.282686469280700958e-01
6.069000000000697810e+02 4.283690921420700848e-01
6.070000000000698037e+02 4.284695378329935189e-01
6.071000000000698265e+02 4.284602050039935106e-01
6.072000000000698492e+02 4.284508711869934872e-01
6.073000000000698719e+02 4.284415363829934265e-01
6.074000000000698947e+02 4.284322005929934729e-01
6.075000000000699174e+02 4.284228638170603509e-01
6.076000000000699401e+02 4.285091540750603500e-01
6.077000000000699629e+02 4.285954391780603667e-01
6.078000000000699856e+02 4.286817191280604122e-01
6.079000000000700084e+02 4.287679939230604198e-01
6.080000000000700311e+02 4.288542635650250956e-01
6.081000000000700538e+02 4.288900541250250109e-01
6.082000000000700766e+02 4.289258407400250439e-01
6.083000000000700993e+02 4.289616234120250948e-01
6.084000000000701220e+02 4.289974021380250635e-01
6.085000000000701448e+02 4.290331769210922186e-01
6.086000000000701675e+02 4.291646153070922121e-01
6.087000000000701903e+02 4.292960657000922109e-01
6.088000000000702130e+02 4.294275280960923591e-01
6.089000000000702357e+02 4.295590024950923791e-01
6.090000000000702585e+02 4.296904888920363708e-01
6.091000000000702812e+02 4.297422580150363491e-01
6.092000000000703039e+02 4.297940262950363799e-01
6.093000000000703267e+02 4.298457937300363962e-01
6.094000000000703494e+02 4.298975603210364316e-01
6.095000000000703722e+02 4.299493260691037988e-01
6.096000000000703949e+02 4.300968595891038748e-01
6.097000000000704176e+02 4.302444153241038460e-01
6.098000000000704404e+02 4.303919932711040008e-01
6.099000000000704631e+02 4.305395934311040396e-01
6.100000000000704858e+02 4.306872158021065600e-01
6.101000000000705086e+02 4.308384277301065546e-01
6.102000000000705313e+02 4.309896640741066598e-01
6.103000000000705541e+02 4.311409248331067867e-01
6.104000000000705768e+02 4.312922100091067801e-01
6.105000000000705995e+02 4.314435195990391492e-01
6.106000000000706223e+02 4.314989649460391208e-01
6.107000000000706450e+02 4.315544100650391401e-01
6.108000000000706677e+02 4.316098549570391851e-01
6.109000000000706905e+02 4.316652996210391668e-01
6.110000000000707132e+02 4.317207440580896338e-01
6.111000000000707360e+02 4.318475408940896654e-01
6.112000000000707587e+02 4.319743466110896324e-01
6.113000000000707814e+02 4.321011612080898345e-01
6.114000000000708042e+02 4.322279846810898052e-01
6.115000000000708269e+02 4.323548170280218650e-01
6.116000000000708496e+02 4.323856791840218761e-01
6.117000000000708724e+02 4.324165365080218648e-01
6.118000000000708951e+02 4.324473890010218646e-01
6.119000000000709178e+02 4.324782366650218868e-01
6.120000000000709406e+02 4.325090795001417243e-01
6.121000000000709633e+02 4.327088695151417586e-01
6.122000000000709861e+02 4.329087057781417780e-01
6.123000000000710088e+02 4.331085882871420489e-01
6.124000000000710315e+02 4.333085170431421052e-01
6.125000000000710543e+02 4.335084920440738232e-01
6.126000000000710770e+02 4.336123686400738531e-01
6.127000000000710997e+02 4.337162454160738423e-01
6.128000000000711225e+02 4.338201223710739241e-01
6.129000000000711452e+02 4.339239995030739205e-01
6.130000000000711680e+02 4.340278768130956255e-01
6.131000000000711907e+02 4.341623040130956901e-01
6.132000000000712134e+02 4.342967445130956894e-01
6.133000000000712362e+02 4.344311983100958563e-01
6.134000000000712589e+02 4.345656654040958577e-01
6.135000000000712816e+02 4.347001457900958599e-01
6.136000000000713044e+02 4.348346394680958626e-01
6.137000000000713271e+02 4.349691464340958436e-01
6.138000000000713499e+02 4.351036666880960246e-01
6.139000000000713726e+02 4.352382002260960503e-01
6.140000000000713953e+02 4.353727470460581617e-01
6.141000000000714181e+02 4.354541940160581159e-01
6.142000000000714408e+02 4.355356320490580968e-01
6.143000000000714635e+02 4.356170611440582374e-01
6.144000000000714863e+02 4.356984813020582381e-01
6.145000000000715090e+02 4.357798925241271881e-01
6.146000000000715318e+02 4.359577243001271918e-01
6.147000000000715545e+02 4.361355831551272377e-01
6.148000000000715772e+02 4.363134690831274587e-01
6.149000000000716000e+02 4.364913820781274323e-01
6.150000000000716227e+02 4.366693221360338772e-01
6.151000000000716454e+02 4.367165711790338412e-01
6.152000000000716682e+02 4.367638183480338498e-01
6.153000000000716909e+02 4.368110636410338921e-01
6.154000000000717137e+02 4.368583070600338680e-01
6.155000000000717364e+02 4.369055486041031333e-01
6.156000000000717591e+02 4.370493524251031769e-01
6.157000000000717819e+02 4.371931752501032054e-01
6.158000000000718046e+02 4.373370170781033517e-01
6.159000000000718273e+02 4.374808779071033826e-01
6.160000000000718501e+02 4.376247577370805386e-01
6.161000000000718728e+02 4.377368271680805445e-01
6.162000000000718956e+02 4.378489001550805448e-01
6.163000000000719183e+02 4.379609767010806398e-01
6.164000000000719410e+02 4.380730568020806404e-01
6.165000000000719638e+02 4.381851404591502464e-01
6.166000000000719865e+02 4.383939820251503416e-01
6.167000000000720092e+02 4.386028766321503625e-01
6.168000000000720320e+02 4.388118242831506310e-01
6.169000000000720547e+02 4.390208249781506478e-01
6.170000000000720775e+02 4.392298787190276332e-01
6.171000000000721002e+02 4.392682410580276420e-01
6.172000000000721229e+02 4.393065998100276204e-01
6.173000000000721457e+02 4.393449549780277241e-01
6.174000000000721684e+02 4.393833065590276865e-01
6.175000000000721911e+02 4.394216545560976628e-01
6.176000000000722139e+02 4.395569030460976245e-01
6.177000000000722366e+02 4.396921648610976341e-01
6.178000000000722594e+02 4.398274399980978133e-01
6.179000000000722821e+02 4.399627284540977845e-01
6.180000000000723048e+02 4.400980302290568580e-01
6.181000000000723276e+02 4.401766619710568706e-01
6.182000000000723503e+02 4.402552836540568615e-01
6.183000000000723730e+02 4.403338952790569194e-01
6.184000000000723958e+02 4.404124968460568779e-01
6.185000000000724185e+02 4.404910883550569034e-01
6.186000000000724413e+02 4.405696698080568963e-01
6.187000000000724640e+02 4.406482412050569120e-01
6.188000000000724867e+02 4.407268025460569505e-01
6.189000000000725095e+02 4.408053538320569342e-01
6.190000000000725322e+02 4.408838950631058240e-01
6.191000000000725549e+02 4.410297785451057773e-01
6.192000000000725777e+02 4.411756818491058829e-01
6.193000000000726004e+02 4.413216049751060299e-01
6.194000000000726232e+02 4.414675479201060071e-01
6.195000000000726459e+02 4.416135106850354597e-01
6.196000000000726686e+02 4.416623178390354787e-01
6.197000000000726914e+02 4.417111233340354493e-01
6.198000000000727141e+02 4.417599271690355045e-01
6.199000000000727368e+02 4.418087293450355113e-01
6.200000000000727596e+02 4.418575298610906699e-01
6.201000000000727823e+02 4.419821497090907214e-01
6.202000000000728051e+02 4.421067763660906924e-01
6.203000000000728278e+02 4.422314098290908158e-01
6.204000000000728505e+02 4.423560500950908247e-01
6.205000000000728733e+02 4.424806971610200090e-01
6.206000000000728960e+02 4.425080964970199982e-01
6.207000000000729187e+02 4.425354905860199861e-01
6.208000000000729415e+02 4.425628794290200063e-01
6.209000000000729642e+02 4.425902630260200032e-01
6.210000000000729869e+02 4.426176413780409935e-01
6.211000000000730097e+02 4.426737539670409505e-01
6.212000000000730324e+02 4.427298665120409926e-01
6.213000000000730552e+02 4.427859790140410423e-01
6.214000000000730779e+02 4.428420914710410328e-01
6.215000000000731006e+02 4.428982038851121961e-01
6.216000000000731234e+02 4.430516688521121682e-01
6.217000000000731461e+02 4.432051584391122345e-01
6.218000000000731688e+02 4.433586726481124063e-01
6.219000000000731916e+02 4.435122114771123947e-01
6.220000000000732143e+02 4.436657749260333738e-01
6.221000000000732371e+02 4.437113270120333630e-01
6.222000000000732598e+02 4.437568768510333772e-01
6.223000000000732825e+02 4.438024244420334385e-01
6.224000000000733053e+02 4.438479697860334139e-01
6.225000000000733280e+02 4.438935128821048792e-01
6.226000000000733507e+02 4.440365156531048685e-01
6.227000000000733735e+02 4.441795361721048718e-01
6.228000000000733962e+02 4.443225744371051000e-01
6.229000000000734190e+02 4.444656304471050756e-01
6.230000000000734417e+02 4.446087042010180013e-01
6.231000000000734644e+02 4.446331810210180091e-01
6.232000000000734872e+02 4.446576521910179935e-01
6.233000000000735099e+02 4.446821177120179880e-01
6.234000000000735326e+02 4.447065775840179924e-01
6.235000000000735554e+02 4.447310318080177072e-01
6.236000000000735781e+02 4.447551138890175615e-01
6.237000000000736009e+02 4.447789546650174342e-01
6.238000000000736236e+02 4.448026759770175032e-01
6.239000000000736463e+02 4.448263906630175457e-01
6.240000000000736691e+02 4.448502025560663875e-01
6.241000000000736918e+02 4.449402894410665610e-01
6.242000000000737145e+02 4.450306556420668413e-01
6.243000000000737373e+02 4.451213781260672242e-01
6.244000000000737600e+02 4.452125248830676174e-01
6.245000000000737828e+02 4.453041549239957764e-01
6.246000000000738055e+02 4.452984051709960034e-01
6.247000000000738282e+02 4.452929960479963811e-01
6.248000000000738510e+02 4.452880811389968163e-01
6.249000000000738737e+02 4.452837959479973851e-01
6.250000000000738964e+02 4.452802579030395447e-01
6.251000000000739192e+02 4.453337307300401782e-01
6.252000000000739419e+02 4.453881318840409165e-01
6.253000000000739647e+02 4.454435249510417250e-01
6.254000000000739874e+02 4.454999554700425635e-01
6.255000000000740101e+02 4.455574509251157278e-01
6.256000000000740329e+02 4.457138201511166020e-01
6.257000000000740556e+02 4.458713994181174867e-01
6.258000000000740783e+02 4.460301016761183956e-01
6.259000000000741011e+02 4.461898261821190537e-01
6.260000000000741238e+02 4.463504584710005219e-01
6.261000000000741466e+02 4.463511567150009185e-01
6.262000000000741693e+02 4.463524612360012522e-01
6.263000000000741920e+02 4.463542157710014835e-01
6.264000000000742148e+02 4.463562504800016040e-01
6.265000000000742375e+02 4.463583819459288615e-01
6.266000000000742602e+02 4.462625574809289675e-01
6.267000000000742830e+02 4.461668113049289675e-01
6.268000000000743057e+02 4.460711298049289120e-01
6.269000000000743285e+02 4.459754903339289145e-01
6.270000000000743512e+02 4.458798612213388801e-01
6.271000000000743739e+02 4.449906227803387959e-01
6.272000000000743967e+02 4.441013458273387338e-01
6.273000000000744194e+02 4.432119724163375851e-01
6.274000000000744421e+02 4.423224361013374240e-01
6.275000000000744649e+02 4.414326620249737210e-01
6.276000000000744876e+02 4.400544501439738743e-01
6.277000000000745104e+02 4.386764658139740702e-01
6.278000000000745331e+02 4.372986919999726219e-01
6.279000000000745558e+02 4.359211162789727867e-01
6.280000000000745786e+02 4.345437307853695086e-01
6.281000000000746013e+02 4.350391569583695883e-01
6.282000000000746240e+02 4.355347243233697041e-01
6.283000000000746468e+02 4.360304399393703512e-01
6.284000000000746695e+02 4.365263153213705394e-01
6.285000000000746923e+02 4.370223664715903178e-01
6.286000000000747150e+02 4.378126767525907792e-01
6.287000000000747377e+02 4.386036701445910069e-01
6.288000000000747605e+02 4.393949446255918656e-01
6.289000000000747832e+02 4.401861220605915448e-01
6.290000000000748059e+02 4.409768484399739230e-01
6.291000000000748287e+02 4.409420060319730883e-01
6.292000000000748514e+02 4.409060486539720936e-01
6.293000000000748742e+02 4.408687038939708147e-01
6.294000000000748969e+02 4.408297262749694134e-01
6.295000000000749196e+02 4.407888972460411448e-01
6.296000000000749424e+02 4.408438248680397464e-01
6.297000000000749651e+02 4.408968923620382729e-01
6.298000000000749878e+02 4.409479738890367262e-01
6.299000000000750106e+02 4.409969793480351674e-01
6.300000000000750333e+02 4.410438543972790559e-01
6.301000000000750561e+02 4.414157293522774639e-01
6.302000000000750788e+02 4.417854601132758519e-01
6.303000000000751015e+02 4.421530951692747569e-01
6.304000000000751243e+02 4.425187191132733400e-01
6.305000000000751470e+02 4.428824527821986212e-01
6.306000000000751697e+02 4.431467259421971727e-01
6.307000000000751925e+02 4.434091030121958821e-01
6.308000000000752152e+02 4.436698011091951277e-01
6.309000000000752379e+02 4.439290649031942260e-01
6.310000000000752607e+02 4.441871666921274886e-01
6.311000000000752834e+02 4.443566031191271137e-01
6.312000000000753062e+02 4.445255284151269914e-01
6.313000000000753289e+02 4.446942982941273770e-01
6.314000000000753516e+02 4.448632961061278479e-01
6.315000000000753744e+02 4.450329328831287845e-01
6.316000000000753971e+02 4.452038307621288826e-01
6.317000000000754198e+02 4.453748705681290221e-01
6.318000000000754426e+02 4.455460366721292753e-01
6.319000000000754653e+02 4.457173179491293880e-01
6.320000000000754881e+02 4.458887077741285343e-01
6.321000000000755108e+02 4.460589628031286225e-01
6.322000000000755335e+02 4.462293258721286571e-01
6.323000000000755563e+02 4.463998039291289799e-01
6.324000000000755790e+02 4.465704084661290540e-01
6.325000000000756017e+02 4.467411555230552667e-01
6.326000000000756245e+02 4.468142675810550801e-01
6.327000000000756472e+02 4.468870872030549224e-01
6.328000000000756700e+02 4.469596912900548613e-01
6.329000000000756927e+02 4.470321477320547965e-01
6.330000000000757154e+02 4.471045153930137683e-01
6.331000000000757382e+02 4.471227215800137600e-01
6.332000000000757609e+02 4.471409126210137419e-01
6.333000000000757836e+02 4.471591202580137980e-01
6.334000000000758064e+02 4.471773671650138837e-01
6.335000000000758291e+02 4.471956669520136818e-01
6.336000000000758519e+02 4.472136556990137235e-01
6.337000000000758746e+02 4.472317149840138728e-01
6.338000000000758973e+02 4.472500286150142279e-01
6.339000000000759201e+02 4.472687668220146628e-01
6.340000000000759428e+02 4.472880862629807774e-01
6.341000000000759655e+02 4.472627652249814845e-01
6.342000000000759883e+02 4.472383253429821903e-01
6.343000000000760110e+02 4.472148822309829908e-01
6.344000000000760338e+02 4.471925378769838755e-01
6.345000000000760565e+02 4.471713806460587692e-01
6.346000000000760792e+02 4.472486921330596221e-01
6.347000000000761020e+02 4.473270638770603935e-01
6.348000000000761247e+02 4.474064692400612220e-01
6.349000000000761474e+02 4.474868634070619522e-01
6.350000000000761702e+02 4.475681833659940767e-01
6.351000000000761929e+02 4.475603710209946073e-01
6.352000000000762157e+02 4.475533090309951056e-01
6.353000000000762384e+02 4.475468793159954606e-01
6.354000000000762611e+02 4.475409456439957134e-01
6.355000000000762839e+02 4.475353536220699757e-01
6.356000000000763066e+02 4.476271141860703739e-01
6.357000000000763293e+02 4.477193603980706982e-01
6.358000000000763521e+02 4.478120334830710814e-01
6.359000000000763748e+02 4.479050655240712775e-01
6.360000000000763976e+02 4.479983794589498802e-01
6.361000000000764203e+02 4.479327763709499699e-01
6.362000000000764430e+02 4.478672796449499893e-01
6.363000000000764658e+02 4.478017847149498021e-01
6.364000000000764885e+02 4.477361779869496461e-01
6.365000000000765112e+02 4.476703368500236646e-01
6.366000000000765340e+02 4.477012238520235998e-01
6.367000000000765567e+02 4.477320850510235761e-01
6.368000000000765795e+02 4.477629204510236161e-01
6.369000000000766022e+02 4.477937300550235977e-01
6.370000000000766249e+02 4.478245138639884715e-01
6.371000000000766477e+02 4.478094113049884695e-01
6.372000000000766704e+02 4.477943079949884275e-01
6.373000000000766931e+02 4.477792039339884012e-01
6.374000000000767159e+02 4.477640991229884238e-01
6.375000000000767386e+02 4.477489935630628581e-01
6.376000000000767614e+02 4.478309043460628192e-01
6.377000000000767841e+02 4.479128078350628206e-01
6.378000000000768068e+02 4.479947040280629622e-01
6.379000000000768296e+02 4.480765929260629443e-01
6.380000000000768523e+02 4.481584745279914017e-01
6.381000000000768750e+02 4.481472672619913888e-01
6.382000000000768978e+02 4.481360591879913757e-01
6.383000000000769205e+02 4.481248503059914179e-01
6.384000000000769433e+02 4.481136406169913822e-01
6.385000000000769660e+02 4.481024301210659866e-01
6.386000000000769887e+02 4.481882082600660011e-01
6.387000000000770115e+02 4.482739807390659914e-01
6.388000000000770342e+02 4.483597475590661019e-01
6.389000000000770569e+02 4.484455087180660993e-01
6.390000000000770797e+02 4.485312642189854815e-01
6.391000000000771024e+02 4.485123603349854826e-01
6.392000000000771252e+02 4.484934559209853844e-01
6.393000000000771479e+02 4.484745509749853976e-01
6.394000000000771706e+02 4.484556454989854224e-01
6.395000000000771934e+02 4.484367394919854255e-01
6.396000000000772161e+02 4.484178329569853960e-01
6.397000000000772388e+02 4.483989258909854003e-01
6.398000000000772616e+02 4.483800182979854054e-01
6.399000000000772843e+02 4.483611101769853780e-01
6.400000000000773070e+02 4.483422015280656980e-01
6.401000000000773298e+02 4.484272275000657504e-01
6.402000000000773525e+02 4.485122476070657060e-01
6.403000000000773753e+02 4.485972618490658426e-01
6.404000000000773980e+02 4.486822702260658269e-01
6.405000000000774207e+02 4.487672727369907966e-01
6.406000000000774435e+02 4.487553459839908054e-01
6.407000000000774662e+02 4.487434185179907664e-01
6.408000000000774889e+02 4.487314903389907350e-01
6.409000000000775117e+02 4.487195614489907225e-01
6.410000000000775344e+02 4.487076318480676673e-01
6.411000000000775572e+02 4.487948982440676526e-01
6.412000000000775799e+02 4.488821594500676526e-01
6.413000000000776026e+02 4.489694154660677228e-01
6.414000000000776254e+02 4.490566662930677300e-01
6.415000000000776481e+02 4.491439119299924787e-01
6.416000000000776708e+02 4.491342517829924885e-01
6.417000000000776936e+02 4.491245906129924803e-01
6.418000000000777163e+02 4.491149284239925321e-01
6.419000000000777391e+02 4.491052652129924883e-01
6.420000000000777618e+02 4.490956009819890848e-01
6.421000000000777845e+02 4.490815448309890545e-01
6.422000000000778073e+02 4.490674875849890446e-01
6.423000000000778300e+02 4.490534292459890664e-01
6.424000000000778527e+02 4.490393698139890644e-01
6.425000000000778755e+02 4.490253092910644894e-01
6.426000000000778982e+02 4.491081217310645135e-01
6.427000000000779210e+02 4.491909270120644782e-01
6.428000000000779437e+02 4.492737251330645720e-01
6.429000000000779664e+02 4.493565160950645510e-01
6.430000000000779892e+02 4.494392998969928832e-01
6.431000000000780119e+02 4.494302035849929156e-01
6.432000000000780346e+02 4.494211064499928909e-01
6.433000000000780574e+02 4.494120084909928869e-01
6.434000000000780801e+02 4.494029097089928815e-01
6.435000000000781029e+02 4.493938101049929079e-01
6.436000000000781256e+02 4.493847096799928886e-01
6.437000000000781483e+02 4.493756084339928791e-01
6.438000000000781711e+02 4.493665063659929015e-01
6.439000000000781938e+02 4.493574034779929116e-01
6.440000000000782165e+02 4.493482997701119253e-01
6.441000000000782393e+02 4.494913522341119072e-01
6.442000000000782620e+02 4.496344223931119100e-01
6.443000000000782848e+02 4.497775102451120888e-01
6.444000000000783075e+02 4.499206157881121548e-01
6.445000000000783302e+02 4.500637390220361689e-01
6.446000000000783530e+02 4.501099779060361850e-01
6.447000000000783757e+02 4.501562145690362060e-01
6.448000000000783984e+02 4.502024490110362320e-01
6.449000000000784212e+02 4.502486812340362743e-01
6.450000000000784439e+02 4.502949112359937445e-01
6.451000000000784667e+02 4.502869189489937529e-01
6.452000000000784894e+02 4.502789257139937495e-01
6.453000000000785121e+02 4.502709315319937122e-01
6.454000000000785349e+02 4.502629364029937520e-01
6.455000000000785576e+02 4.502549403269175410e-01
6.456000000000785803e+02 4.501500117789175581e-01
6.457000000000786031e+02 4.500450857279175709e-01
6.458000000000786258e+02 4.499401621779174354e-01
6.459000000000786486e+02 4.498352411269174733e-01
6.460000000000786713e+02 4.497303225779034075e-01
6.461000000000786940e+02 4.496075528189034110e-01
6.462000000000787168e+02 4.494847945229034081e-01
6.463000000000787395e+02 4.493620476909033212e-01
6.464000000000787622e+02 4.492393123229033169e-01
6.465000000000787850e+02 4.491165884188269564e-01
6.466000000000788077e+02 4.488969847678270231e-01
6.467000000000788305e+02 4.486774037248270064e-01
6.468000000000788532e+02 4.484578452878267840e-01
6.469000000000788759e+02 4.482383094578267779e-01
6.470000000000788987e+02 4.480187962359648002e-01
6.471000000000789214e+02 4.479742062469648234e-01
6.472000000000789441e+02 4.479295930419647798e-01
6.473000000000789669e+02 4.478849566219647027e-01
6.474000000000789896e+02 4.478402969859646698e-01
6.475000000000790124e+02 4.477956141359646924e-01
6.476000000000790351e+02 4.477509080709646261e-01
6.477000000000790578e+02 4.477061787909646373e-01
6.478000000000790806e+02 4.476614262989646043e-01
6.479000000000791033e+02 4.476166505929645156e-01
6.480000000000791260e+02 4.475718516751396314e-01
6.481000000000791488e+02 4.477483181981395943e-01
6.482000000000791715e+02 4.479247690921396297e-01
6.483000000000791943e+02 4.481012043581397708e-01
6.484000000000792170e+02 4.482776239961397957e-01
6.485000000000792397e+02 4.484540280050633987e-01
6.486000000000792625e+02 4.485340114180636495e-01
6.487000000000792852e+02 4.486143433640638056e-01
6.488000000000793079e+02 4.486948396630638936e-01
6.489000000000793307e+02 4.487753296660637048e-01
6.490000000000793534e+02 4.488556562610339640e-01
6.491000000000793762e+02 4.488984994960336650e-01
6.492000000000793989e+02 4.489409110590332208e-01
6.493000000000794216e+02 4.489827746720327362e-01
6.494000000000794444e+02 4.490239876780321437e-01
6.495000000000794671e+02 4.490644610552627092e-01
6.496000000000794898e+02 4.493951156092620969e-01
6.497000000000795126e+02 4.497249436682613788e-01
6.498000000000795353e+02 4.500538953522610908e-01
6.499000000000795580e+02 4.503819343492602711e-01
6.500000000000795808e+02 4.507090379690999460e-01
6.501000000000796035e+02 4.508345942740991097e-01
6.502000000000796263e+02 4.509591175190982848e-01
6.503000000000796490e+02 4.510826274780976308e-01
6.504000000000796717e+02 4.512051576860969249e-01
6.505000000000796945e+02 4.513267554598646147e-01
6.506000000000797172e+02 4.511568491528640812e-01
6.507000000000797399e+02 4.509863610128636568e-01
6.508000000000797627e+02 4.508153191518631253e-01
6.509000000000797854e+02 4.506437699378627038e-01
6.510000000000798082e+02 4.504717779557715907e-01
6.511000000000798309e+02 4.501855447707712732e-01
6.512000000000798536e+02 4.498989981957711715e-01
6.513000000000798764e+02 4.496122574207707667e-01
6.514000000000798991e+02 4.493254595777708693e-01
6.515000000000799218e+02 4.490387596819259697e-01
6.516000000000799446e+02 4.489460923929256553e-01
6.517000000000799673e+02 4.488531239909254733e-01
6.518000000000799901e+02 4.487598387059250626e-01
6.519000000000800128e+02 4.486662253289248059e-01
6.520000000000800355e+02 4.485722772232544342e-01
6.521000000000800583e+02 4.488901383612540763e-01
6.522000000000800810e+02 4.492075596452536623e-01
6.523000000000801037e+02 4.495245472312537349e-01
6.524000000000801265e+02 4.498411118612534176e-01
6.525000000000801492e+02 4.501572688820977275e-01
6.526000000000801720e+02 4.502792673610974128e-01
6.527000000000801947e+02 4.504008449870972042e-01
6.528000000000802174e+02 4.505220929290971177e-01
6.529000000000802402e+02 4.506431024600970336e-01
6.530000000000802629e+02 4.507639649539678661e-01
6.531000000000802856e+02 4.507238927589679034e-01
6.532000000000803084e+02 4.506839051869680479e-01
6.533000000000803311e+02 4.506440937219681753e-01
6.534000000000803539e+02 4.506045498209685363e-01
6.535000000000803766e+02 4.505653649140461403e-01
6.536000000000803993e+02 4.506227528500460489e-01
6.537000000000804221e+02 4.506800511410461452e-01
6.538000000000804448e+02 4.507374610680464633e-01
6.539000000000804675e+02 4.507951657230467868e-01
6.540000000000804903e+02 4.508533299938796701e-01
6.541000000000805130e+02 4.507038320708803281e-01
6.542000000000805358e+02 4.505551180138810397e-01
6.543000000000805585e+02 4.504072968298816759e-01
6.544000000000805812e+02 4.502604591088824604e-01
6.545000000000806040e+02 4.501146770489612425e-01
6.546000000000806267e+02 4.500665853039621522e-01
6.547000000000806494e+02 4.500196183879630607e-01
6.548000000000806722e+02 4.499737942369639310e-01
6.549000000000806949e+02 4.499291125149648685e-01
6.550000000000807177e+02 4.498855546250015158e-01
6.551000000000807404e+02 4.498874296560023134e-01
6.552000000000807631e+02 4.498903242670030944e-01
6.553000000000807859e+02 4.498941653990037870e-01
6.554000000000808086e+02 4.498988617230043618e-01
6.555000000000808313e+02 4.499043036400829365e-01
6.556000000000808541e+02 4.500069105650835177e-01
6.557000000000808768e+02 4.501102482870840693e-01
6.558000000000808996e+02 4.502142281870846197e-01
6.559000000000809223e+02 4.503187478540849331e-01
6.560000000000809450e+02 4.504236910640809222e-01
6.561000000000809678e+02 4.505236484770810401e-01
6.562000000000809905e+02 4.506237557510810454e-01
6.563000000000810132e+02 4.507238551320809639e-01
6.564000000000810360e+02 4.508237749940807171e-01
6.565000000000810587e+02 4.509233298270802215e-01
6.566000000000810815e+02 4.510223202250802088e-01
6.567000000000811042e+02 4.511213036070801929e-01
6.568000000000811269e+02 4.512202799670803066e-01
6.569000000000811497e+02 4.513192493030803165e-01
6.570000000000811724e+02 4.514182116109580756e-01
6.571000000000811951e+02 4.513665467069580828e-01
6.572000000000812179e+02 4.513148830379580811e-01
6.573000000000812406e+02 4.512632206039580152e-01
6.574000000000812634e+02 4.512115594069580071e-01
6.575000000000812861e+02 4.511598994460364609e-01
6.576000000000813088e+02 4.512047344650363945e-01
6.577000000000813316e+02 4.512495486250364118e-01
6.578000000000813543e+02 4.512943419240364462e-01
6.579000000000813770e+02 4.513391143680364204e-01
6.580000000000813998e+02 4.513838659551204779e-01
6.581000000000814225e+02 4.515318313931204752e-01
6.582000000000814453e+02 4.516798179681204561e-01
6.583000000000814680e+02 4.518278256821206540e-01
6.584000000000814907e+02 4.519758545321206911e-01
6.585000000000815135e+02 4.521239045191206563e-01
6.586000000000815362e+02 4.522719756411207603e-01
6.587000000000815589e+02 4.524200678991207591e-01
6.588000000000815817e+02 4.525681812921208969e-01
6.589000000000816044e+02 4.527163158191209735e-01
6.590000000000816271e+02 4.528644714800014182e-01
6.591000000000816499e+02 4.528662142100014498e-01
6.592000000000816726e+02 4.528679556150014274e-01
6.593000000000816954e+02 4.528696956950014618e-01
6.594000000000817181e+02 4.528714344500014422e-01
6.595000000000817408e+02 4.528731718820803165e-01
6.596000000000817636e+02 4.529714698030803399e-01
6.597000000000817863e+02 4.530697671410803262e-01
6.598000000000818090e+02 4.531680638950804085e-01
6.599000000000818318e+02 4.532663600640804424e-01
6.600000000000818545e+02 4.533646556479857814e-01
6.601000000000818773e+02 4.533472912179857817e-01
6.602000000000819000e+02 4.533299174199857950e-01
6.603000000000819227e+02 4.533125342579857331e-01
6.604000000000819455e+02 4.532951417319857068e-01
6.605000000000819682e+02 4.532777398470648200e-01
6.606000000000819909e+02 4.533568696740648551e-01
6.607000000000820137e+02 4.534359827240648233e-01
6.608000000000820364e+02 4.535150789950648798e-01
6.609000000000820592e+02 4.535941584820649131e-01
6.610000000000820819e+02 4.536732211809655912e-01
6.611000000000821046e+02 4.536312779059655798e-01
6.612000000000821274e+02 4.535893362219655667e-01
6.613000000000821501e+02 4.535473961309655078e-01
6.614000000000821728e+02 4.535054576319655362e-01
6.615000000000821956e+02 4.534635207270448776e-01
6.616000000000822183e+02 4.535180580930447958e-01
6.617000000000822411e+02 4.535725792100447906e-01
6.618000000000822638e+02 4.536270840780448621e-01
6.619000000000822865e+02 4.536815727000448328e-01
6.620000000000823093e+02 4.537360450759926334e-01
6.621000000000823320e+02 4.537270658949926205e-01
6.622000000000823547e+02 4.537180767249925917e-01
6.623000000000823775e+02 4.537090775659925468e-01
6.624000000000824002e+02 4.537000684219925639e-01
6.625000000000824230e+02 4.536910492929925875e-01
6.626000000000824457e+02 4.536820201819925513e-01
6.627000000000824684e+02 4.536729810899925441e-01
6.628000000000824912e+02 4.536639320199924996e-01
6.629000000000825139e+02 4.536548729729925067e-01
6.630000000000825366e+02 4.536458039510378737e-01
6.631000000000825594e+02 4.536917027290378601e-01
6.632000000000825821e+02 4.537375812360378569e-01
6.633000000000826049e+02 4.537834394750378531e-01
6.634000000000826276e+02 4.538292774480378600e-01
6.635000000000826503e+02 4.538750951539586853e-01
6.636000000000826731e+02 4.538251003249589854e-01
6.637000000000826958e+02 4.537754672649591536e-01
6.638000000000827185e+02 4.537260093129590888e-01
6.639000000000827413e+02 4.536765537069589183e-01
6.640000000000827640e+02 4.536269415749686340e-01
6.641000000000827868e+02 4.535890783959682926e-01
6.642000000000828095e+02 4.535507823509678516e-01
6.643000000000828322e+02 4.535119361509672431e-01
6.644000000000828550e+02 4.534724363629666355e-01
6.645000000000828777e+02 4.534321933980457464e-01
6.646000000000829004e+02 4.534873928950450273e-01
6.647000000000829232e+02 4.535416937470442278e-01
6.648000000000829459e+02 4.535950472820434731e-01
6.649000000000829687e+02 4.536474186260426311e-01
6.650000000000829914e+02 4.536987867069905422e-01
6.651000000000830141e+02 4.536874117929897143e-01
6.652000000000830369e+02 4.536750404849889118e-01
6.653000000000830596e+02 4.536616935699881448e-01
6.654000000000830823e+02 4.536474056579873904e-01
6.655000000000831051e+02 4.536322251729866806e-01
6.656000000000831278e+02 4.536162143529860469e-01
6.657000000000831506e+02 4.535994492489854868e-01
6.658000000000831733e+02 4.535820197209849969e-01
6.659000000000831960e+02 4.535640294329846833e-01
6.660000000000832188e+02 4.535455958560238865e-01
6.661000000000832415e+02 4.535742570910237248e-01
6.662000000000832642e+02 4.536027397080237278e-01
6.663000000000832870e+02 4.536312025720238839e-01
6.664000000000833097e+02 4.536598184110241516e-01
6.665000000000833325e+02 4.536887738249448243e-01
6.666000000000833552e+02 4.536225369849449796e-01
6.667000000000833779e+02 4.535565477629450726e-01
6.668000000000834007e+02 4.534906817059450312e-01
6.669000000000834234e+02 4.534248236399449627e-01
6.670000000000834461e+02 4.533588676589481725e-01
6.671000000000834689e+02 4.532967159739478835e-01
6.672000000000834916e+02 4.532342787199475920e-01
6.673000000000835144e+02 4.531714777629471391e-01
6.674000000000835371e+02 4.531082442129467647e-01
6.675000000000835598e+02 4.530445184190262098e-01
6.676000000000835826e+02 4.530758466820254959e-01
6.677000000000836053e+02 4.531063233140248392e-01
6.678000000000836280e+02 4.531360401740243127e-01
6.679000000000836508e+02 4.531650891490238142e-01
6.680000000000836735e+02 4.531935621569800343e-01
6.681000000000836962e+02 4.531697116799797143e-01
6.682000000000837190e+02 4.531454929179795088e-01
6.683000000000837417e+02 4.531209979679793332e-01
6.684000000000837645e+02 4.530963189179792461e-01
6.685000000000837872e+02 4.530715478369787830e-01
6.686000000000838099e+02 4.530462163889785732e-01
6.687000000000838327e+02 4.530206168199785721e-01
6.688000000000838554e+02 4.529950275249787217e-01
6.689000000000838781e+02 4.529697130539792060e-01
6.690000000000839009e+02 4.529449241160715678e-01
6.691000000000839236e+02 4.530302358490723713e-01
6.692000000000839464e+02 4.531165276260734065e-01
6.693000000000839691e+02 4.532040095170746796e-01
6.694000000000839918e+02 4.532928779590759683e-01
6.695000000000840146e+02 4.533833157429968952e-01
6.696000000000840373e+02 4.533796400739980581e-01
6.697000000000840600e+02 4.533773422689992283e-01
6.698000000000840828e+02 4.533764108080003408e-01
6.699000000000841055e+02 4.533768111540014134e-01
6.700000000000841283e+02 4.533784857449359440e-01
6.701000000000841510e+02 4.533023567149369049e-01
6.702000000000841737e+02 4.532273272229377370e-01
6.703000000000841965e+02 4.531532701279383235e-01
6.704000000000842192e+02 4.530800353609388265e-01
6.705000000000842419e+02 4.530074499430199464e-01
6.706000000000842647e+02 4.530310759960204936e-01
6.707000000000842874e+02 4.530554228620210511e-01
6.708000000000843102e+02 4.530804009280215428e-01
6.709000000000843329e+02 4.531059067530218698e-01
6.710000000000843556e+02 4.531318230679377002e-01
6.711000000000843784e+02 4.530580161959378849e-01
6.712000000000844011e+02 4.529843705489378647e-01
6.713000000000844238e+02 4.529107273379376353e-01
6.714000000000844466e+02 4.528369140809373472e-01
6.715000000000844693e+02 4.527627446109369069e-01
6.716000000000844921e+02 4.526880190919368996e-01
6.717000000000845148e+02 4.526132977519368716e-01
6.718000000000845375e+02 4.525385805949368456e-01
6.719000000000845603e+02 4.524638676199368437e-01
6.720000000000845830e+02 4.523891588300138489e-01
6.721000000000846057e+02 4.524054766570137498e-01
6.722000000000846285e+02 4.524217703770137544e-01
6.723000000000846512e+02 4.524380399960137855e-01
6.724000000000846740e+02 4.524542855200137659e-01
6.725000000000846967e+02 4.524705069539328717e-01
6.726000000000847194e+02 4.523912631109328619e-01
6.727000000000847422e+02 4.523120286209328933e-01
6.728000000000847649e+02 4.522328034849328326e-01
6.729000000000847876e+02 4.521535877029328465e-01
6.730000000000848104e+02 4.520743812759570046e-01
6.731000000000848331e+02 4.520236631729570020e-01
6.732000000000848559e+02 4.519729461929569703e-01
6.733000000000848786e+02 4.519222303359569093e-01
6.734000000000849013e+02 4.518715156029569080e-01
6.735000000000849241e+02 4.518208019949569443e-01
6.736000000000849468e+02 4.517700895119569071e-01
6.737000000000849695e+02 4.517193781569568967e-01
6.738000000000849923e+02 4.516686679279568462e-01
6.739000000000850150e+02 4.516179588289568891e-01
6.740000000000850378e+02 4.515672508580153011e-01
6.741000000000850605e+02 4.515852494860152500e-01
6.742000000000850832e+02 4.516032200590152645e-01
6.743000000000851060e+02 4.516211625830152676e-01
6.744000000000851287e+02 4.516390770610151928e-01
6.745000000000851514e+02 4.516569634969341829e-01
6.746000000000851742e+02 4.515796523159341658e-01
6.747000000000851969e+02 4.515023456869341478e-01
6.748000000000852197e+02 4.514250436099341290e-01
6.749000000000852424e+02 4.513477460849341094e-01
6.750000000000852651e+02 4.512704531159434373e-01
6.751000000000852879e+02 4.512041437889434681e-01
6.752000000000853106e+02 4.511378397979434740e-01
6.753000000000853333e+02 4.510715411419433662e-01
6.754000000000853561e+02 4.510052478239433560e-01
6.755000000000853788e+02 4.509389598409434541e-01
6.756000000000854016e+02 4.508726771969434610e-01
6.757000000000854243e+02 4.508063998899434210e-01
6.758000000000854470e+02 4.507401279209433120e-01
6.759000000000854698e+02 4.506738612909433894e-01
6.760000000000854925e+02 4.506076000000099335e-01
6.761000000000855152e+02 4.506192001710098705e-01
6.762000000000855380e+02 4.506307735010098847e-01
6.763000000000855607e+02 4.506423199980098548e-01
6.764000000000855835e+02 4.506538396650098255e-01
6.765000000000856062e+02 4.506653325079286176e-01
6.766000000000856289e+02 4.505819391777264871e-01
6.767000000000856517e+02 4.502624437907265520e-01
6.768000000000856744e+02 4.499430440971597944e-01
6.769000000000856971e+02 4.489628757951601434e-01
6.770000000000857199e+02 4.479830478232113555e-01
6.771000000000857426e+02 4.470630469222114378e-01
6.772000000000857654e+02 4.461431388732114978e-01
6.773000000000857881e+02 4.452233236812105921e-01
6.774000000000858108e+02 4.443036013492106528e-01
6.775000000000858336e+02 4.433839718812906949e-01
6.776000000000858563e+02 4.425575856872904779e-01
6.777000000000858790e+02 4.417309052312901607e-01
6.778000000000859018e+02 4.409039305752889826e-01
6.779000000000859245e+02 4.400766617802887581e-01
6.780000000000859472e+02 4.392490989091915599e-01
6.781000000000859700e+02 4.383084289531916089e-01
6.782000000000859927e+02 4.373678419992119704e-01
6.783000000000860155e+02 4.364509453042109688e-01
6.784000000000860382e+02 4.355341294752110848e-01
6.785000000000860609e+02 4.346173945182111309e-01
6.786000000000860837e+02 4.337007404342111960e-01
6.787000000000861064e+02 4.327841672262112693e-01
6.788000000000861291e+02 4.318676748982103186e-01
6.789000000000861519e+02 4.309512634542103648e-01
6.790000000000861746e+02 4.300349328951613703e-01
6.791000000000861974e+02 4.290617553621616787e-01
6.792000000000862201e+02 4.280889037811416165e-01
6.793000000000862428e+02 4.270927909481407325e-01
6.794000000000862656e+02 4.260970123831613887e-01
6.795000000000862883e+02 4.251251468111616472e-01
6.796000000000863110e+02 4.241536070231619604e-01
6.797000000000863338e+02 4.231823929801622475e-01
6.798000000000863565e+02 4.222115046381613723e-01
6.799000000000863793e+02 4.212409419571616631e-01
6.800000000000864020e+02 4.202707048942567747e-01
6.801000000000864247e+02 4.194104874512565861e-01
6.802000000000864475e+02 4.185501010476659900e-01
6.803000000000864702e+02 4.170061994956640317e-01
6.804000000000864929e+02 4.154620154724802950e-01
6.805000000000865157e+02 4.137054409094051421e-01
6.806000000000865384e+02 4.118620234213851705e-01
6.807000000000865612e+02 4.099955016453855627e-01
6.808000000000865839e+02 4.081294431344043017e-01
6.809000000000866066e+02 4.062874034774046628e-01
6.810000000000866294e+02 4.044458210343802596e-01
6.811000000000866521e+02 4.025760877043809138e-01
6.812000000000866748e+02 4.007070721003611058e-01
6.813000000000866976e+02 3.988152354593595961e-01
6.814000000000867203e+02 3.969241256323806089e-01
6.815000000000867431e+02 3.950572718193812172e-01
6.816000000000867658e+02 3.931911352583818964e-01
6.817000000000867885e+02 3.913257158303825034e-01
6.818000000000868113e+02 3.894610134193605688e-01
6.819000000000868340e+02 3.875735172283611973e-01
6.820000000000868567e+02 3.856867471354069599e-01
6.821000000000868795e+02 3.838526474334073568e-01
6.822000000000869022e+02 3.820189931424077256e-01
6.823000000000869250e+02 3.801857842344060767e-01
6.824000000000869477e+02 3.783530206813859875e-01
6.825000000000869704e+02 3.764972110224548696e-01
6.826000000000869932e+02 3.747205587684749872e-01
6.827000000000870159e+02 3.729670737154747173e-01
6.828000000000870386e+02 3.712132646834724325e-01
6.829000000000870614e+02 3.694591319244721617e-01
6.830000000000870841e+02 3.677046756913819325e-01
6.831000000000871069e+02 3.658466185633823531e-01
6.832000000000871296e+02 3.639890433904032219e-01
6.833000000000871523e+02 3.621554423114015653e-01
6.834000000000871751e+02 3.603223168844019719e-01
6.835000000000871978e+02 3.584896670684027953e-01
6.836000000000872205e+02 3.566579340634034589e-01
6.837000000000872433e+02 3.548269542534039367e-01
6.838000000000872660e+02 3.529965780203818126e-01
6.839000000000872888e+02 3.511431957523820646e-01
6.840000000000873115e+02 3.492901648083761579e-01
6.841000000000873342e+02 3.474302940993765354e-01
6.842000000000873570e+02 3.455708843433768496e-01
6.843000000000873797e+02 3.437118516913750255e-01
6.844000000000874024e+02 3.418531246313546990e-01
6.845000000000874252e+02 3.399711990323549538e-01
6.846000000000874479e+02 3.380894824833755030e-01
6.847000000000874707e+02 3.362313729423757058e-01
6.848000000000874934e+02 3.343734007403736386e-01
6.849000000000875161e+02 3.325155518023737433e-01
6.850000000000875389e+02 3.306578226833846723e-01
6.851000000000875616e+02 3.288125940793845126e-01
6.852000000000875843e+02 3.269671171504047735e-01
6.853000000000876071e+02 3.251448273124025734e-01
6.854000000000876298e+02 3.233223460964024243e-01
6.855000000000876526e+02 3.214997189711082948e-01
6.856000000000876753e+02 3.193415575540912155e-01
6.857000000000876980e+02 3.171638464340946206e-01
6.858000000000877208e+02 3.149900593051161435e-01
6.859000000000877435e+02 3.128435663281196599e-01
6.860000000000877662e+02 3.107011075267924749e-01
6.861000000000877890e+02 3.059070838478232246e-01
6.862000000000878117e+02 3.011481370008343150e-01
6.863000000000878345e+02 2.964017867648602866e-01
6.864000000000878572e+02 2.916911697549112725e-01
6.865000000000878799e+02 2.870385131661618017e-01
6.866000000000879027e+02 2.781193393332380137e-01
6.867000000000879254e+02 2.692868079803140136e-01
6.868000000000879481e+02 2.605408536163627553e-01
6.869000000000879709e+02 2.518615380584398045e-01
6.870000000000879936e+02 2.432698118157716749e-01
6.871000000000880163e+02 2.384645541338078212e-01
6.872000000000880391e+02 2.337003830078439592e-01
6.873000000000880618e+02 2.289772714798747333e-01
6.874000000000880846e+02 2.242951964108950424e-01
6.875000000000881073e+02 2.196361514830090234e-01
6.876000000000881300e+02 2.219163617519836762e-01
6.877000000000881528e+02 2.241677787559424595e-01
6.878000000000881755e+02 2.263724171019037001e-01
6.879000000000881982e+02 2.285302803368624291e-01
6.880000000000882210e+02 2.306413743262512306e-01
6.881000000000882437e+02 2.320596552862169426e-01
6.882000000000882665e+02 2.334390925242005310e-01
6.883000000000882892e+02 2.347999363931682348e-01
6.884000000000883119e+02 2.361224536491343950e-01
6.885000000000883347e+02 2.374066584629031251e-01
6.886000000000883574e+02 2.350328572689123208e-01
6.887000000000883801e+02 2.326694641639216465e-01
6.888000000000884029e+02 2.303166296709103222e-01
6.889000000000884256e+02 2.279540343549200376e-01
6.890000000000884484e+02 2.256024010316080020e-01
6.891000000000884711e+02 2.240285957326085264e-01
6.892000000000884938e+02 2.224553878386091310e-01
6.893000000000885166e+02 2.208828739916080253e-01
6.894000000000885393e+02 2.193111412495907797e-01
6.895000000000885620e+02 2.177198911074647580e-01
6.896000000000885848e+02 2.171155176424708899e-01
6.897000000000886075e+02 2.165180693464589801e-01
6.898000000000886303e+02 2.159072001484464154e-01
6.899000000000886530e+02 2.152829308694345634e-01
6.900000000000886757e+02 2.146452731222607269e-01
6.901000000000886985e+02 2.138115958312507836e-01
6.902000000000887212e+02 2.129667176262595440e-01
6.903000000000887439e+02 2.121316804792487409e-01
6.904000000000887667e+02 2.112855539732388654e-01
6.905000000000887894e+02 2.104283058673143691e-01
6.906000000000888122e+02 2.096561123702840868e-01
6.907000000000888349e+02 2.088498205022726040e-01
6.908000000000888576e+02 2.080305832632792784e-01
6.909000000000888804e+02 2.072198871692677857e-01
6.910000000000889031e+02 2.063962829260604093e-01
6.911000000000889258e+02 2.053394109750520391e-01
6.912000000000889486e+02 2.042731215190241589e-01
6.913000000000889713e+02 2.031754989450142712e-01
6.914000000000889941e+02 2.020681393860250252e-01
6.915000000000890168e+02 2.009728812459768144e-01
6.916000000000890395e+02 1.998234548609690298e-01
6.917000000000890623e+02 1.986652800399612562e-01
6.918000000000890850e+02 1.974983586129323565e-01
6.919000000000891077e+02 1.963005190769244734e-01
6.920000000000891305e+02 1.950938224988806313e-01
6.921000000000891532e+02 1.938379275338737440e-01
6.922000000000891760e+02 1.925743007618668234e-01
6.923000000000891987e+02 1.913029463348585035e-01
6.924000000000892214e+02 1.900238684038315362e-01
6.925000000000892442e+02 1.887145917137521833e-01
6.926000000000892669e+02 1.873163934137667130e-01
6.927000000000892896e+02 1.859344733477611977e-01
6.928000000000893124e+02 1.845463554877540824e-01
6.929000000000893351e+02 1.831520432087485328e-01
6.930000000000893579e+02 1.817515398815391647e-01
6.931000000000893806e+02 1.801167171685372215e-01
6.932000000000894033e+02 1.784797247915555773e-01
6.933000000000894261e+02 1.768632843335518345e-01
6.934000000000894488e+02 1.752447026855498968e-01
6.935000000000894715e+02 1.736239800394492050e-01
6.936000000000894943e+02 1.718906942994492815e-01
6.937000000000895170e+02 1.701574947524493453e-01
6.938000000000895398e+02 1.684243814254270943e-01
6.939000000000895625e+02 1.666686071584271844e-01
6.940000000000895852e+02 1.649129203084855055e-01
6.941000000000896080e+02 1.632223615034847919e-01
6.942000000000896307e+02 1.615309924524840346e-01
6.943000000000896534e+02 1.598388131934814216e-01
6.944000000000896762e+02 1.581458237644602638e-01
6.945000000000896989e+02 1.564292509835485401e-01
6.946000000000897217e+02 1.548111165705662595e-01
6.947000000000897444e+02 1.532127278545635518e-01
6.948000000000897671e+02 1.516113115185590277e-01
6.949000000000897899e+02 1.500068674635562926e-01
6.950000000000898126e+02 1.483993955924678143e-01
6.951000000000898353e+02 1.466934023084666139e-01
6.952000000000898581e+02 1.449860761004859722e-01
6.953000000000898808e+02 1.433003159464828757e-01
6.954000000000899036e+02 1.416132405614816958e-01
6.955000000000899263e+02 1.399248501774277009e-01
6.956000000000899490e+02 1.381764090394072553e-01
6.957000000000899718e+02 1.364052259814073909e-01
6.958000000000899945e+02 1.346342169754261853e-01
6.959000000000900172e+02 1.328862934644263194e-01
6.960000000000900400e+02 1.311385417685663468e-01
6.961000000000900627e+02 1.295462823595626700e-01
6.962000000000900855e+02 1.279499754065383244e-01
6.963000000000901082e+02 1.263266331585328195e-01
6.964000000000901309e+02 1.246991939295498814e-01
6.965000000000901537e+02 1.230907014315693326e-01
6.966000000000901764e+02 1.215037908115650239e-01
6.967000000000901991e+02 1.199120949315607143e-01
6.968000000000902219e+02 1.183156156945336795e-01
6.969000000000902446e+02 1.166911882005293027e-01
6.970000000000902673e+02 1.150619188244262070e-01
6.971000000000902901e+02 1.133184284104256506e-01
6.972000000000903128e+02 1.115743271674250886e-01
6.973000000000903356e+02 1.098296151994225534e-01
6.974000000000903583e+02 1.080842926134010229e-01
6.975000000000903810e+02 1.063151415323608934e-01
6.976000000000904038e+02 1.045015925723826733e-01
6.977000000000904265e+02 1.027121326023834602e-01
6.978000000000904492e+02 1.009235435823822163e-01
6.979000000000904720e+02 9.913582545418300751e-02
6.980000000000904947e+02 9.734897815933002407e-02
6.981000000000905175e+02 9.550360024123205616e-02
6.982000000000905402e+02 9.366045481995501076e-02
6.983000000000905629e+02 9.184268785535494584e-02
6.984000000000905857e+02 9.002712460685693974e-02
6.985000000000906084e+02 8.821376519392598592e-02
6.986000000000906311e+02 8.636624500112932701e-02
6.987000000000906539e+02 8.452240658623266789e-02
6.988000000000906766e+02 8.268225008371303530e-02
6.989000000000906994e+02 8.082275575951641811e-02
6.990000000000907221e+02 7.896699209180985113e-02
6.991000000000907448e+02 7.721422006841006935e-02
6.992000000000907676e+02 7.546167910601027373e-02
6.993000000000907903e+02 7.370936920340848131e-02
6.994000000000908130e+02 7.195729035928781492e-02
6.995000000000908358e+02 7.018245454261429206e-02
6.996000000000908585e+02 6.843677791783404907e-02
6.997000000000908813e+02 6.671283929233290388e-02
6.998000000000909040e+02 6.498765092812981703e-02
6.999000000000909267e+02 6.326121311682866843e-02
7.000000000000909495e+02 6.153352615029143019e-02
7.001000000000909722e+02 5.976489099389119264e-02
7.002000000000909949e+02 5.799598232771188688e-02
7.003000000000910177e+02 5.624983453580965215e-02
7.004000000000910404e+02 5.450341688460941247e-02
7.005000000000910632e+02 5.275672942740916582e-02
7.006000000000910859e+02 5.100977221708793280e-02
7.007000000000911086e+02 4.923950389178768233e-02
7.008000000000911314e+02 4.746896237840644156e-02
7.009000000000911541e+02 4.572119268660618935e-02
7.010000000000911768e+02 4.397315345609899978e-02
7.011000000000911996e+02 4.309463989609910173e-02
7.012000000000912223e+02 4.221623763249920253e-02
7.013000000000912451e+02 4.133794666379830840e-02
7.014000000000912678e+02 4.045976698879840544e-02
7.015000000000912905e+02 3.958169860640595866e-02
7.016000000000913133e+02 3.871190686148468646e-02
7.017000000000913360e+02 3.781880981028444555e-02
7.018000000000913587e+02 3.692544692920425586e-02
7.019000000000913815e+02 3.605487127580402074e-02
7.020000000000914042e+02 3.518403672209850092e-02
7.021000000000914270e+02 3.430716311799853618e-02
7.022000000000914497e+02 3.343032675169857471e-02
7.023000000000914724e+02 3.255352763139760658e-02
7.024000000000914952e+02 3.167676576549764006e-02
7.025000000000915179e+02 3.080004116240921477e-02
7.026000000000915406e+02 2.993596641350857249e-02
7.027000000000915634e+02 2.907118993440793372e-02
7.028000000000915861e+02 2.820571178058514997e-02
7.029000000000916089e+02 2.731644118668448765e-02
7.030000000000916316e+02 2.642645058251749321e-02
7.031000000000916543e+02 2.557247916221599623e-02
7.032000000000916771e+02 2.471687381151449481e-02
7.033000000000916998e+02 2.385963414641202249e-02
7.034000000000917225e+02 2.300075978301052357e-02
7.035000000000917453e+02 2.214025033759268318e-02
7.036000000000917680e+02 2.126029575469253613e-02
7.037000000000917908e+02 2.038017986219238520e-02
7.038000000000918135e+02 1.949990268199123730e-02
7.039000000000918362e+02 1.861946423579109028e-02
7.040000000000918590e+02 1.773886454526711273e-02
7.041000000000918817e+02 1.683216317216723254e-02
7.042000000000919044e+02 1.592558914458867131e-02
7.043000000000919272e+02 1.504235597028778099e-02
7.044000000000919499e+02 1.415924686818789517e-02
7.045000000000919727e+02 1.327626183408800974e-02
7.046000000000919954e+02 1.239340086358812348e-02
7.047000000000920181e+02 1.151066395238823856e-02
7.048000000000920409e+02 1.062805109618734749e-02
7.049000000000920636e+02 9.745562290737462899e-03
7.050000000000920863e+02 8.863197531638672064e-03
7.051000000000921091e+02 7.982145284488543352e-03
7.052000000000921318e+02 7.100954426787044541e-03
7.053000000000921546e+02 6.196417427905886142e-03
7.054000000000921773e+02 5.291738224447155130e-03
7.055000000000922000e+02 4.410128042437708867e-03
7.056000000000922228e+02 3.529118278817240488e-03
7.057000000000922455e+02 2.647600654376771907e-03
7.058000000000922682e+02 1.765575107315300657e-03
