9.085000000001383569e+02 3.593537965798076768e-04
9.086000000001383796e+02 7.186995798477910369e-04
9.087000000001384024e+02 1.457345010259983916e-03
9.088000000001384251e+02 2.195970396026208568e-03
9.089000000001384478e+02 2.934575068230237029e-03
9.090000000001384706e+02 3.673159372829426679e-03
9.091000000001384933e+02 4.395900750877919198e-03
9.092000000001385160e+02 5.119976157503058380e-03
9.093000000001385388e+02 5.865405078881702136e-03
9.094000000001385615e+02 6.612207759053176370e-03
9.095000000001385843e+02 7.360386279137185600e-03
9.096000000001386070e+02 8.106323376787172991e-03
9.097000000001386297e+02 8.832906892697615225e-03
9.098000000001386525e+02 9.560195914640492315e-03
9.099000000001386752e+02 1.030828811517832400e-02
9.100000000001386979e+02 1.105711222619599511e-02
9.101000000001387207e+02 1.177817914931094528e-02
9.102000000001387434e+02 1.249641551111872230e-02
9.103000000001387662e+02 1.319184012705338152e-02
9.104000000001387889e+02 1.388452371061584846e-02
9.105000000001388116e+02 1.459438172453810315e-02
9.106000000001388344e+02 1.537015504079777307e-02
9.107000000001388571e+02 1.614967536493730482e-02
9.108000000001388798e+02 1.693293826039173403e-02
9.109000000001389026e+02 1.769982472283217201e-02
9.110000000001389253e+02 1.847033998451725126e-02
9.111000000001389481e+02 1.923414638043410493e-02
9.112000000001389708e+02 1.999931373633739851e-02
9.113000000001389935e+02 2.076583298022273427e-02
9.114000000001390163e+02 2.153369330758160560e-02
9.115000000001390390e+02 2.228262512721496807e-02
9.116000000001390617e+02 2.294698464103087088e-02
9.117000000001390845e+02 2.362741870887469231e-02
9.118000000001391072e+02 2.430367463522194182e-02
9.119000000001391300e+02 2.495572798426997849e-02
9.120000000001391527e+02 2.560372560910182532e-02
9.121000000001391754e+02 2.640814690484430405e-02
9.122000000001391982e+02 2.721617552035385593e-02
9.123000000001392209e+02 2.802780605812565939e-02
9.124000000001392436e+02 2.884303311807144207e-02
9.125000000001392664e+02 2.964163190274384310e-02
9.126000000001392891e+02 3.019101747150167853e-02
9.127000000001393119e+02 3.075196212938443099e-02
9.128000000001393346e+02 3.130425624132911200e-02
9.129000000001393573e+02 3.184790957119452287e-02
9.130000000001393801e+02 3.238293188767130126e-02
9.131000000001394028e+02 3.287154244984294427e-02
9.132000000001394255e+02 3.335095983136811965e-02
9.133000000001394483e+02 3.384042971346117035e-02
9.134000000001394710e+02 3.432046277546216273e-02
9.135000000001394937e+02 3.515169400041977255e-02
9.136000000001395165e+02 3.640648431740192009e-02
9.137000000001395392e+02 3.803690226494127469e-02
9.138000000001395620e+02 3.968228935247512107e-02
9.139000000001395847e+02 4.132323035137549366e-02
9.140000000001396074e+02 4.297887248227493656e-02
9.141000000001396302e+02 4.476867518322590056e-02
9.142000000001396529e+02 4.657964851139442114e-02
9.143000000001396756e+02 4.841173252368671104e-02
9.144000000001396984e+02 5.026486659502259896e-02
9.145000000001397211e+02 5.211878864494180058e-02
9.146000000001397439e+02 5.346855710065326339e-02
9.147000000001397666e+02 5.483029550577454836e-02
9.148000000001397893e+02 5.618380136675374392e-02
9.149000000001398121e+02 5.752907513826290009e-02
9.150000000001398348e+02 5.886611934480461689e-02
9.151000000001398575e+02 5.968680014987053084e-02
9.152000000001398803e+02 6.047446112569252602e-02
9.153000000001399030e+02 6.120988207349047083e-02
9.154000000001399258e+02 6.191281090335905984e-02
9.155000000001399485e+02 6.260210968125548558e-02
9.156000000001399712e+02 6.419606154066853643e-02
9.157000000001399940e+02 6.579778940830799394e-02
9.158000000001400167e+02 6.740729438212526847e-02
9.159000000001400394e+02 6.902458152778208345e-02
9.160000000001400622e+02 7.064966015219817375e-02
9.161000000001400849e+02 7.285380792335745259e-02
9.162000000001401077e+02 7.508825492004270186e-02
9.163000000001401304e+02 7.737270665521323032e-02
9.164000000001401531e+02 7.968786802353101939e-02
9.165000000001401759e+02 8.203374497736116988e-02
9.166000000001401986e+02 8.356085963623166579e-02
9.167000000001402213e+02 8.508861024837237330e-02
9.168000000001402441e+02 8.661697979850244145e-02
9.169000000001402668e+02 8.812580238237974206e-02
9.170000000001402896e+02 8.963519783547747866e-02
9.171000000001403123e+02 9.045353328156080508e-02
9.172000000001403350e+02 9.124950117756364110e-02
9.173000000001403578e+02 9.202311358106861350e-02
9.174000000001403805e+02 9.277438197570785083e-02
9.175000000001404032e+02 9.350331731764933985e-02
9.176000000001404260e+02 9.463454696280068634e-02
9.177000000001404487e+02 9.573681648090708041e-02
9.178000000001404715e+02 9.682953172613956161e-02
9.179000000001404942e+02 9.793183566471791446e-02
9.180000000001405169e+02 9.902449311036226609e-02
9.181000000001405397e+02 1.010138547826229805e-01
9.182000000001405624e+02 1.030184197218348419e-01
9.183000000001405851e+02 1.050187908141559795e-01
9.184000000001406079e+02 1.070341123751032825e-01
9.185000000001406306e+02 1.090839531484827235e-01
9.186000000001406534e+02 1.111734395056477587e-01
9.187000000001406761e+02 1.132787794212182231e-01
9.188000000001406988e+02 1.153998984174253589e-01
9.189000000001407216e+02 1.175367230784812450e-01
9.190000000001407443e+02 1.196891814163713735e-01
9.191000000001407670e+02 1.213708842323237974e-01
9.192000000001407898e+02 1.230571146336880695e-01
9.193000000001408125e+02 1.247680663098526682e-01
9.194000000001408353e+02 1.264835367500989349e-01
9.195000000001408580e+02 1.282034951964543534e-01
9.196000000001408807e+02 1.297080172308662516e-01
9.197000000001409035e+02 1.312117694100473353e-01
9.198000000001409262e+02 1.327147299578708972e-01
9.199000000001409489e+02 1.341965957608017013e-01
9.200000000001409717e+02 1.356776394211044734e-01
9.201000000001409944e+02 1.375419398289648154e-01
9.202000000001410172e+02 1.394131067679626468e-01
9.203000000001410399e+02 1.412911172792788717e-01
9.204000000001410626e+02 1.431759514346866990e-01
9.205000000001410854e+02 1.450675925305106029e-01
9.206000000001411081e+02 1.465072014163669445e-01
9.207000000001411308e+02 1.479240178829199226e-01
9.208000000001411536e+02 1.493385944212282934e-01
9.209000000001411763e+02 1.507714342244285965e-01
9.210000000001411991e+02 1.522020657696280532e-01
9.211000000001412218e+02 1.532570566564521453e-01
9.212000000001412445e+02 1.543029410510673161e-01
9.213000000001412673e+02 1.553397899095251000e-01
9.214000000001412900e+02 1.563676820689042790e-01
9.215000000001413127e+02 1.573665602131452124e-01
9.216000000001413355e+02 1.587263905571616729e-01
9.217000000001413582e+02 1.601039027552731697e-01
9.218000000001413810e+02 1.614789369428361876e-01
9.219000000001414037e+02 1.628514769057203271e-01
9.220000000001414264e+02 1.642215058736725408e-01
9.221000000001414492e+02 1.659834017402159190e-01
9.222000000001414719e+02 1.677496594520595241e-01
9.223000000001414946e+02 1.695404068562452737e-01
9.224000000001415174e+02 1.713355142094825923e-01
9.225000000001415401e+02 1.731349458574776012e-01
9.226000000001415629e+02 1.745000394162477264e-01
9.227000000001415856e+02 1.758624502962775338e-01
9.228000000001416083e+02 1.772221894107485207e-01
9.229000000001416311e+02 1.785591119112844016e-01
9.230000000001416538e+02 1.798934263407824530e-01
9.231000000001416765e+02 1.811555220279330580e-01
9.232000000001416993e+02 1.824136013896000275e-01
9.233000000001417220e+02 1.836676890761529402e-01
9.234000000001417447e+02 1.849178122137896674e-01
9.235000000001417675e+02 1.861640004641728352e-01
9.236000000001417902e+02 1.873282410663829889e-01
9.237000000001418130e+02 1.884680100156013727e-01
9.238000000001418357e+02 1.896030134552054991e-01
9.239000000001418584e+02 1.907528304272938791e-01
9.240000000001418812e+02 1.918972657046108532e-01
9.241000000001419039e+02 1.930680957449514845e-01
9.242000000001419266e+02 1.942335431198087548e-01
9.243000000001419494e+02 1.953933965423522157e-01
9.244000000001419721e+02 1.965474640427611608e-01
9.245000000001419949e+02 1.976759123078811464e-01
9.246000000001420176e+02 1.989679503519029835e-01
9.247000000001420403e+02 2.002757673986368114e-01
9.248000000001420631e+02 2.015795593137595931e-01
9.249000000001420858e+02 2.028792074182134975e-01
9.250000000001421085e+02 2.041746179551748308e-01
9.251000000001421313e+02 2.057461181561950903e-01
9.252000000001421540e+02 2.073171161983499156e-01
9.253000000001421768e+02 2.089071958239630822e-01
9.254000000001421995e+02 2.104967636069534631e-01
9.255000000001422222e+02 2.120858467762346822e-01
9.256000000001422450e+02 2.135840780459738741e-01
9.257000000001422677e+02 2.150808586347428275e-01
9.258000000001422904e+02 2.165763152007741943e-01
9.259000000001423132e+02 2.180509636604527068e-01
9.260000000001423359e+02 2.195246392956077819e-01
9.261000000001423587e+02 2.209699480544632944e-01
9.262000000001423814e+02 2.224142634868110369e-01
9.263000000001424041e+02 2.238578917500190502e-01
9.264000000001424269e+02 2.253011771669710395e-01
9.265000000001424496e+02 2.267445031879725126e-01
9.266000000001424723e+02 2.283322572102968739e-01
9.267000000001424951e+02 2.299013481265650416e-01
9.268000000001425178e+02 2.314714464659436977e-01
9.269000000001425406e+02 2.330622634629856971e-01
9.270000000001425633e+02 2.346541858078283471e-01
9.271000000001425860e+02 2.347255314000275539e-01
9.272000000001426088e+02 2.347811569128567533e-01
9.273000000001426315e+02 2.348211435458827379e-01
9.274000000001426542e+02 2.348455725063850197e-01
9.275000000001426770e+02 2.348354264538381753e-01
9.276000000001426997e+02 2.343025170210612240e-01
9.277000000001427225e+02 2.337678946798162904e-01
9.278000000001427452e+02 2.332124819519834635e-01
9.279000000001427679e+02 2.326362999887563732e-01
9.280000000001427907e+02 2.320393700751683386e-01
9.281000000001428134e+02 2.329151555255112305e-01
9.282000000001428361e+02 2.337857101388017556e-01
9.283000000001428589e+02 2.346328232258359792e-01
9.284000000001428816e+02 2.354747556653541962e-01
9.285000000001429044e+02 2.363296122225933549e-01
9.286000000001429271e+02 2.369135005394756577e-01
9.287000000001429498e+02 2.374904152379425926e-01
9.288000000001429726e+02 2.380598627622960706e-01
9.289000000001429953e+02 2.386034972884594763e-01
9.290000000001430180e+02 2.391388897102105504e-01
9.291000000001430408e+02 2.392025877262291267e-01
9.292000000001430635e+02 2.392524772258961263e-01
9.293000000001430863e+02 2.392882484247359220e-01
9.294000000001431090e+02 2.393096284122991635e-01
9.295000000001431317e+02 2.393163813568876253e-01
9.296000000001431545e+02 2.382997124950954060e-01
9.297000000001431772e+02 2.372419994549091471e-01
9.298000000001431999e+02 2.361605035673520481e-01
9.299000000001432227e+02 2.350718656255575134e-01
9.300000000001432454e+02 2.339590699480451341e-01
9.301000000001432682e+02 2.330691305348177311e-01
9.302000000001432909e+02 2.321570568591358463e-01
9.303000000001433136e+02 2.312229680464715220e-01
9.304000000001433364e+02 2.302670263764812764e-01
9.305000000001433591e+02 2.292736657167126768e-01
9.306000000001433818e+02 2.283176945218973186e-01
9.307000000001434046e+02 2.273566906317565917e-01
9.308000000001434273e+02 2.263752011118505547e-01
9.309000000001434501e+02 2.253735775567933253e-01
9.310000000001434728e+02 2.243522044118000103e-01
9.311000000001434955e+02 2.230376009115459801e-01
9.312000000001435183e+02 2.217025423116526783e-01
9.313000000001435410e+02 2.203329642779523756e-01
9.314000000001435637e+02 2.189442664987943377e-01
9.315000000001435865e+02 2.175512239653019098e-01
9.316000000001436092e+02 2.141266888896961595e-01
9.317000000001436320e+02 2.106670019487892620e-01
9.318000000001436547e+02 2.071723251442326719e-01
9.319000000001436774e+02 2.036428201771431912e-01
9.320000000001437002e+02 2.000786482143412925e-01
9.321000000001437229e+02 1.992105729310182649e-01
9.322000000001437456e+02 1.983287971819178985e-01
9.323000000001437684e+02 1.974458383665327055e-01
9.324000000001437911e+02 1.965491232733511395e-01
9.325000000001438138e+02 1.956387409426096902e-01
9.326000000001438366e+02 1.967417405292899435e-01
9.327000000001438593e+02 1.978336975203029979e-01
9.328000000001438821e+02 1.989267940065910789e-01
9.329000000001439048e+02 2.000332561760957695e-01
9.330000000001439275e+02 2.011408334849214830e-01
9.331000000001439503e+02 2.006265576773832160e-01
9.332000000001439730e+02 2.001018928863599333e-01
9.333000000001439957e+02 1.995668495663179831e-01
9.334000000001440185e+02 1.990214363383646934e-01
9.335000000001440412e+02 1.984538332108586600e-01
9.336000000001440640e+02 1.944636594727653101e-01
9.337000000001440867e+02 1.904513792733817101e-01
9.338000000001441094e+02 1.864055511596323378e-01
9.339000000001441322e+02 1.823265237761908242e-01
9.340000000001441549e+02 1.782146105277191694e-01
9.341000000001441776e+02 1.770675546324727845e-01
9.342000000001442004e+02 1.759080652354402807e-01
9.343000000001442231e+02 1.747262621016238970e-01
9.344000000001442459e+02 1.735325759848282134e-01
9.345000000001442686e+02 1.723369734678716902e-01
9.346000000001442913e+02 1.784519399830180597e-01
9.347000000001443141e+02 1.846020987094237065e-01
9.348000000001443368e+02 1.907875025430517124e-01
9.349000000001443595e+02 1.970081970218070244e-01
9.350000000001443823e+02 2.032642172489524668e-01
9.351000000001444050e+02 2.056890899426237762e-01
9.352000000001444278e+02 2.081260613694709549e-01
9.353000000001444505e+02 2.102730583988497159e-01
9.354000000001444732e+02 2.124275761479710589e-01
9.355000000001444960e+02 2.144716381907146030e-01
9.356000000001445187e+02 2.130403257889728341e-01
9.357000000001445414e+02 2.116045693917008030e-01
9.358000000001445642e+02 2.101642411490588780e-01
9.359000000001445869e+02 2.087191947914374957e-01
9.360000000001446097e+02 2.072692664035666044e-01
9.361000000001446324e+02 2.082822820128199803e-01
9.362000000001446551e+02 2.092967337200883349e-01
9.363000000001446779e+02 2.103123918777860535e-01
9.364000000001447006e+02 2.113290006323098047e-01
9.365000000001447233e+02 2.123462773688144789e-01
9.366000000001447461e+02 2.114601360141816766e-01
9.367000000001447688e+02 2.105708054069820867e-01
9.368000000001447916e+02 2.096782821926331530e-01
9.369000000001448143e+02 2.087825610720112912e-01
9.370000000001448370e+02 2.078836348608902596e-01
9.371000000001448598e+02 2.103030611806905037e-01
9.372000000001448825e+02 2.127264204836806505e-01
9.373000000001449052e+02 2.151536645943280257e-01
9.374000000001449280e+02 2.175847419358544754e-01
9.375000000001449507e+02 2.200195973946174055e-01
9.376000000001449735e+02 2.211038007749756007e-01
9.377000000001449962e+02 2.220837884344602775e-01
9.378000000001450189e+02 2.230641119286434770e-01
9.379000000001450417e+02 2.237040674488115499e-01
9.380000000001450644e+02 2.243424561855635602e-01
9.381000000001450871e+02 2.251517075856734329e-01
9.382000000001451099e+02 2.259593730477187645e-01
9.383000000001451326e+02 2.267654733721189975e-01
9.384000000001451554e+02 2.275700273069091173e-01
9.385000000001451781e+02 2.283730515196555622e-01
9.386000000001452008e+02 2.343445983272503530e-01
9.387000000001452236e+02 2.403038455037705967e-01
9.388000000001452463e+02 2.462517280461619384e-01
9.389000000001452690e+02 2.521892019458799594e-01
9.390000000001452918e+02 2.581172339417384110e-01
9.391000000001453145e+02 2.642475570443724164e-01
9.392000000001453373e+02 2.703665574319038534e-01
9.393000000001453600e+02 2.764751916007461285e-01
9.394000000001453827e+02 2.825743881135466262e-01
9.395000000001454055e+02 2.886650372220627148e-01
9.396000000001454282e+02 2.874513166976227496e-01
9.397000000001454509e+02 2.862457086676589157e-01
9.398000000001454737e+02 2.850483969545226648e-01
9.399000000001454964e+02 2.838594706935010370e-01
9.400000000001455192e+02 2.826789262493691335e-01
9.401000000001455419e+02 2.790716616278190454e-01
9.402000000001455646e+02 2.754750511187076256e-01
9.403000000001455874e+02 2.718886671446471559e-01
9.404000000001456101e+02 2.683120068658898516e-01
9.405000000001456328e+02 2.647444978306169872e-01
9.406000000001456556e+02 2.643883033665893612e-01
9.407000000001456783e+02 2.640364787978264349e-01
9.408000000001457011e+02 2.636885224596599020e-01
9.409000000001457238e+02 2.633438483683203102e-01
9.410000000001457465e+02 2.630017867572241874e-01
9.411000000001457693e+02 2.647577382119999934e-01
9.412000000001457920e+02 2.665118033401385200e-01
9.413000000001458147e+02 2.682630632766861423e-01
9.414000000001458375e+02 2.700104855601044851e-01
9.415000000001458602e+02 2.717529213689360845e-01
9.416000000001458830e+02 2.711368060371069366e-01
9.417000000001459057e+02 2.705214685778710160e-01
9.418000000001459284e+02 2.699069453005343844e-01
9.419000000001459512e+02 2.692932693908683950e-01
9.420000000001459739e+02 2.686804709297115346e-01
9.421000000001459966e+02 2.633610734947512411e-01
9.422000000001460194e+02 2.580503249613012029e-01
9.423000000001460421e+02 2.527482271046644913e-01
9.424000000001460648e+02 2.474547773600717926e-01
9.425000000001460876e+02 2.421699691083954165e-01
9.426000000001461103e+02 2.381981463135357524e-01
9.427000000001461331e+02 2.342327517066977449e-01
9.428000000001461558e+02 2.302737069514728119e-01
9.429000000001461785e+02 2.263209357652873621e-01
9.430000000001462013e+02 2.223743641262477810e-01
9.431000000001462240e+02 2.251959948800673905e-01
9.432000000001462467e+02 2.280143460518999909e-01
9.433000000001462695e+02 2.308293375316573248e-01
9.434000000001462922e+02 2.336408831563019095e-01
9.435000000001463150e+02 2.364488905606953184e-01
9.436000000001463377e+02 2.338635244887801168e-01
9.437000000001463604e+02 2.312794777560746307e-01
9.438000000001463832e+02 2.286973619000534919e-01
9.439000000001464059e+02 2.261177231597086279e-01
9.440000000001464286e+02 2.235410448008103290e-01
9.441000000001464514e+02 2.212181799288543693e-01
9.442000000001464741e+02 2.188992145713771764e-01
9.443000000001464969e+02 2.165844608210052979e-01
9.444000000001465196e+02 2.142741785073025984e-01
9.445000000001465423e+02 2.119685773075133950e-01
9.446000000001465651e+02 2.173958156023736710e-01
9.447000000001465878e+02 2.228187119509658087e-01
9.448000000001466105e+02 2.282375521422593256e-01
9.449000000001466333e+02 2.336525948317171586e-01
9.450000000001466560e+02 2.390640673338648714e-01
9.451000000001466788e+02 2.398744928848196567e-01
9.452000000001467015e+02 2.406867305999067508e-01
9.453000000001467242e+02 2.415007279905222737e-01
9.454000000001467470e+02 2.423163939810960010e-01
9.455000000001467697e+02 2.431335982738900003e-01
9.456000000001467924e+02 2.398401385070559888e-01
9.457000000001468152e+02 2.365518024453538426e-01
9.458000000001468379e+02 2.332682460696802462e-01
9.459000000001468607e+02 2.299891003027044467e-01
9.460000000001468834e+02 2.267139738525023596e-01
9.461000000001469061e+02 2.278127704033944545e-01
9.462000000001469289e+02 2.289104605401477699e-01
9.463000000001469516e+02 2.300065815734373964e-01
9.464000000001469743e+02 2.311006216438859229e-01
9.465000000001469971e+02 2.321920188231292870e-01
9.466000000001470198e+02 2.352253775598724672e-01
9.467000000001470426e+02 2.382553191984390362e-01
9.468000000001470653e+02 2.412818440298181433e-01
9.469000000001470880e+02 2.443049577468639766e-01
9.470000000001471108e+02 2.473246717447899756e-01
9.471000000001471335e+02 2.467277890314828470e-01
9.472000000001471562e+02 2.461315151777135890e-01
9.473000000001471790e+02 2.455358831410661968e-01
9.474000000001472017e+02 2.449409305921053936e-01
9.475000000001472245e+02 2.443466998398811374e-01
9.476000000001472472e+02 2.399558428589536885e-01
9.477000000001472699e+02 2.355714359493514543e-01
9.478000000001472927e+02 2.311935316662204754e-01
9.479000000001473154e+02 2.268221747928529930e-01
9.480000000001473381e+02 2.224574028235423162e-01
9.481000000001473609e+02 2.241547338880621743e-01
9.482000000001473836e+02 2.258503733368701083e-01
9.483000000001474064e+02 2.275443335981672810e-01
9.484000000001474291e+02 2.292366228645215109e-01
9.485000000001474518e+02 2.309272449313828357e-01
9.486000000001474746e+02 2.369218491847833730e-01
9.487000000001474973e+02 2.429114884857093981e-01
9.488000000001475200e+02 2.488960779268063195e-01
9.489000000001475428e+02 2.548755304466277516e-01
9.490000000001475655e+02 2.608497577466213357e-01
9.491000000001475883e+02 2.574649074200018317e-01
9.492000000001476110e+02 2.540835678177686408e-01
9.493000000001476337e+02 2.507056781433220083e-01
9.494000000001476565e+02 2.473311888002241443e-01
9.495000000001476792e+02 2.439600608528353365e-01
9.496000000001477019e+02 2.392085147774875575e-01
9.497000000001477247e+02 2.344617859431041562e-01
9.498000000001477474e+02 2.297198047562516443e-01
9.499000000001477702e+02 2.249825164291421598e-01
9.500000000001477929e+02 2.202498802473926987e-01
9.501000000001478156e+02 2.234695919579454959e-01
9.502000000001478384e+02 2.266844897422943261e-01
9.503000000001478611e+02 2.298944786858451161e-01
9.504000000001478838e+02 2.330994678035639422e-01
9.505000000001479066e+02 2.362993705536544087e-01
9.506000000001479293e+02 2.421142901782571688e-01
9.507000000001479521e+02 2.479209133140194421e-01
9.508000000001479748e+02 2.537192694217700328e-01
9.509000000001479975e+02 2.595094073167275028e-01
9.510000000001480203e+02 2.652913963012264453e-01
9.511000000001480430e+02 2.642404663145744848e-01
9.512000000001480657e+02 2.631904977505279963e-01
9.513000000001480885e+02 2.621416450751544724e-01
9.514000000001481112e+02 2.610940710250004293e-01
9.515000000001481339e+02 2.600479463807794933e-01
9.516000000001481567e+02 2.534748527692204378e-01
9.517000000001481794e+02 2.469115080293560471e-01
9.518000000001482022e+02 2.403579037376922523e-01
9.519000000001482249e+02 2.338140348319692197e-01
9.520000000001482476e+02 2.272798992835165233e-01
9.521000000001482704e+02 2.254863818638717377e-01
9.522000000001482931e+02 2.236953238269333288e-01
9.523000000001483158e+02 2.219067287883020601e-01
9.524000000001483386e+02 2.201206025128801258e-01
9.525000000001483613e+02 2.183369528368578616e-01
9.526000000001483841e+02 2.216549246216066305e-01
9.527000000001484068e+02 2.249673742357754247e-01
9.528000000001484295e+02 2.282743022612655770e-01
9.529000000001484523e+02 2.315757073914068709e-01
9.530000000001484750e+02 2.348715862599798088e-01
9.531000000001484977e+02 2.368747812021012311e-01
9.532000000001485205e+02 2.388744023563962038e-01
9.533000000001485432e+02 2.408704416405577642e-01
9.534000000001485660e+02 2.428628883712718733e-01
9.535000000001485887e+02 2.448517291590429634e-01
9.536000000001486114e+02 2.452363864827374063e-01
9.537000000001486342e+02 2.456204605181267486e-01
9.538000000001486569e+02 2.460037733448959818e-01
9.539000000001486796e+02 2.463861611211396463e-01
9.540000000001487024e+02 2.467674741965326102e-01
9.541000000001487251e+02 2.458501552434691761e-01
9.542000000001487479e+02 2.449332939643550922e-01
9.543000000001487706e+02 2.440167929103904398e-01
9.544000000001487933e+02 2.431005711415299975e-01
9.545000000001488161e+02 2.421845639374967940e-01
9.546000000001488388e+02 2.424138853218763268e-01
9.547000000001488615e+02 2.426418792920514156e-01
9.548000000001488843e+02 2.428684075985160784e-01
9.549000000001489070e+02 2.430933489754031618e-01
9.550000000001489298e+02 2.433165992187347193e-01
9.551000000001489525e+02 2.422301017182991456e-01
9.552000000001489752e+02 2.411437816722351579e-01
9.553000000001489980e+02 2.400576083256163451e-01
9.554000000001490207e+02 2.389715689072056948e-01
9.555000000001490434e+02 2.378856682316058124e-01
9.556000000001490662e+02 2.367366997380003779e-01
9.557000000001490889e+02 2.355881116385970808e-01
9.558000000001491117e+02 2.344400311483404720e-01
9.559000000001491344e+02 2.332926000003601730e-01
9.560000000001491571e+02 2.321459740373662262e-01
9.561000000001491799e+02 2.322656041897212531e-01
9.562000000001492026e+02 2.323841945194893843e-01
9.563000000001492253e+02 2.325019357258799602e-01
9.564000000001492481e+02 2.326190355336102411e-01
9.565000000001492708e+02 2.327357187244981918e-01
9.566000000001492936e+02 2.331651038714251389e-01
9.567000000001493163e+02 2.335931787407319882e-01
9.568000000001493390e+02 2.340200135836401074e-01
9.569000000001493618e+02 2.344456791660721184e-01
9.570000000001493845e+02 2.348702467754942014e-01
9.571000000001494072e+02 2.385108987461981300e-01
9.572000000001494300e+02 2.421443397510710804e-01
9.573000000001494527e+02 2.457706516156940857e-01
9.574000000001494755e+02 2.493899205563059329e-01
9.575000000001494982e+02 2.530022371484399457e-01
9.576000000001495209e+02 2.531342625176560834e-01
9.577000000001495437e+02 2.532658948806171262e-01
9.578000000001495664e+02 2.533970916369153725e-01
9.579000000001495891e+02 2.535278075065543479e-01
9.580000000001496119e+02 2.536579945183427554e-01
9.581000000001496346e+02 2.516599717323211860e-01
9.582000000001496574e+02 2.496648924095515032e-01
9.583000000001496801e+02 2.476727013738568850e-01
9.584000000001497028e+02 2.456833427087825317e-01
9.585000000001497256e+02 2.436967598554458658e-01
9.586000000001497483e+02 2.418976637351121783e-01
9.587000000001497710e+02 2.401012501523833165e-01
9.588000000001497938e+02 2.383073945748999112e-01
9.589000000001498165e+02 2.365159834665227501e-01
9.590000000001498393e+02 2.347269139955009409e-01
9.591000000001498620e+02 2.333384618205371630e-01
9.592000000001498847e+02 2.319518276434716364e-01
9.593000000001499075e+02 2.305669351834521152e-01
9.594000000001499302e+02 2.291837171933134853e-01
9.595000000001499529e+02 2.278021152486565670e-01
9.596000000001499757e+02 2.295295945521331482e-01
9.597000000001499984e+02 2.312526388525436294e-01
9.598000000001500212e+02 2.329712246417643406e-01
9.599000000001500439e+02 2.346853377909381699e-01
9.600000000001500666e+02 2.363949739000926198e-01
9.601000000001500894e+02 2.380488512708357207e-01
9.602000000001501121e+02 2.396985146713682124e-01
9.603000000001501348e+02 2.413439906668700952e-01
9.604000000001501576e+02 2.429853168770726435e-01
9.605000000001501803e+02 2.446225423025025214e-01
9.606000000001502030e+02 2.456523076169542796e-01
9.607000000001502258e+02 2.466791381836194730e-01
9.608000000001502485e+02 2.477030773048765344e-01
9.609000000001502713e+02 2.487241767401770776e-01
9.610000000001502940e+02 2.497424968559281699e-01
9.611000000001503167e+02 2.507658721009959901e-01
9.612000000001503395e+02 2.517866674810991245e-01
9.613000000001503622e+02 2.528049696680332303e-01
9.614000000001503849e+02 2.538208745375029607e-01
9.615000000001504077e+02 2.548344873057691862e-01
9.616000000001504304e+02 2.533359764820844462e-01
9.617000000001504532e+02 2.518398418653963744e-01
9.618000000001504759e+02 2.503460491390001041e-01
9.619000000001504986e+02 2.488545673541907588e-01
9.620000000001505214e+02 2.473653688457510824e-01
9.621000000001505441e+02 2.448269863791530665e-01
9.622000000001505668e+02 2.422925163572980378e-01
9.623000000001505896e+02 2.397619436607762444e-01
9.624000000001506123e+02 2.372352564607927705e-01
9.625000000001506351e+02 2.347124460978578797e-01
9.626000000001506578e+02 2.364570019622870556e-01
9.627000000001506805e+02 2.381976709915858137e-01
9.628000000001507033e+02 2.399345018396010221e-01
9.629000000001507260e+02 2.416675423720636706e-01
9.630000000001507487e+02 2.433968395715929434e-01
9.631000000001507715e+02 2.451088668211622301e-01
9.632000000001507942e+02 2.468170528923634421e-01
9.633000000001508170e+02 2.485214421770149673e-01
9.634000000001508397e+02 2.502220777904832216e-01
9.635000000001508624e+02 2.519190014713884596e-01
9.636000000001508852e+02 2.510314785972133089e-01
9.637000000001509079e+02 2.501456291511432450e-01
9.638000000001509306e+02 2.492613107634490677e-01
9.639000000001509534e+02 2.483783931919097132e-01
9.640000000001509761e+02 2.474967581329550748e-01
9.641000000001509989e+02 2.472511559225823163e-01
9.642000000001510216e+02 2.470053801836166740e-01
9.643000000001510443e+02 2.467593454852231860e-01
9.644000000001510671e+02 2.465129768141490485e-01
9.645000000001510898e+02 2.462662095278015939e-01
9.646000000001511125e+02 2.468891342651435561e-01
9.647000000001511353e+02 2.475092583708478067e-01
9.648000000001511580e+02 2.481265011274636778e-01
9.649000000001511808e+02 2.487407887123262440e-01
9.650000000001512035e+02 2.493520543003533707e-01
9.651000000001512262e+02 2.505541290947728705e-01
9.652000000001512490e+02 2.517524678017188378e-01
9.653000000001512717e+02 2.529470164693524148e-01
9.654000000001512944e+02 2.541377282455141717e-01
9.655000000001513172e+02 2.553245635562715887e-01
9.656000000001513399e+02 2.540397580542004818e-01
9.657000000001513627e+02 2.527560666685580437e-01
9.658000000001513854e+02 2.514736559228158419e-01
9.659000000001514081e+02 2.501926968394804218e-01
9.660000000001514309e+02 2.489133647505295255e-01
9.661000000001514536e+02 2.466472698560406573e-01
9.662000000001514763e+02 2.443854311896334619e-01
9.663000000001514991e+02 2.421280339241043689e-01
9.664000000001515218e+02 2.398752637087390449e-01
9.665000000001515446e+02 2.376273063692251331e-01
9.666000000001515673e+02 2.383942846511725444e-01
9.667000000001515900e+02 2.391594379005680671e-01
9.668000000001516128e+02 2.399227204703576755e-01
9.669000000001516355e+02 2.406840860726379427e-01
9.670000000001516582e+02 2.414434877919456879e-01
9.671000000001516810e+02 2.450449273552500751e-01
9.672000000001517037e+02 2.486388315476348032e-01
9.673000000001517265e+02 2.522251528975110180e-01
9.674000000001517492e+02 2.558038409783219835e-01
9.675000000001517719e+02 2.593748424161292920e-01
9.676000000001517947e+02 2.604087690551560863e-01
9.677000000001518174e+02 2.614399500534378418e-01
9.678000000001518401e+02 2.624683295851057419e-01
9.679000000001518629e+02 2.634938509961454178e-01
9.680000000001518856e+02 2.645164568027696950e-01
9.681000000001519084e+02 2.631340779092350979e-01
9.682000000001519311e+02 2.617539481043102412e-01
9.683000000001519538e+02 2.603760194081424784e-01
9.684000000001519766e+02 2.590002449492539438e-01
9.685000000001519993e+02 2.576265789653800486e-01
9.686000000001520220e+02 2.580335809348178744e-01
9.687000000001520448e+02 2.584386654123936311e-01
9.688000000001520675e+02 2.588417948380186129e-01
9.689000000001520903e+02 2.592429420032046905e-01
9.690000000001521130e+02 2.596420901354418720e-01
9.691000000001521357e+02 2.600841452226043127e-01
9.692000000001521585e+02 2.605243436590250483e-01
9.693000000001521812e+02 2.609626994712528902e-01
9.694000000001522039e+02 2.613992374590645706e-01
9.695000000001522267e+02 2.618339932776853618e-01
9.696000000001522494e+02 2.610032085504559451e-01
9.697000000001522722e+02 2.601731680730455798e-01
9.698000000001522949e+02 2.593438572057786828e-01
9.699000000001523176e+02 2.585152668065824333e-01
9.700000000001523404e+02 2.576873931482481783e-01
9.701000000001523631e+02 2.572084310336129609e-01
9.702000000001523858e+02 2.567293994620016284e-01
9.703000000001524086e+02 2.562503086804438501e-01
9.704000000001524313e+02 2.557711740878135798e-01
9.705000000001524540e+02 2.552920161882961114e-01
9.706000000001524768e+02 2.556831116708723761e-01
9.707000000001524995e+02 2.560725887207091489e-01
9.708000000001525223e+02 2.564604090365213418e-01
9.709000000001525450e+02 2.568465445692777460e-01
9.710000000001525677e+02 2.572309775983018798e-01
9.711000000001525905e+02 2.563613962721085771e-01
9.712000000001526132e+02 2.554929996214321264e-01
9.713000000001526359e+02 2.546258053441984859e-01
9.714000000001526587e+02 2.537598412581413831e-01
9.715000000001526814e+02 2.528951451245144422e-01
9.716000000001527042e+02 2.523540888901179557e-01
9.717000000001527269e+02 2.518132186625393620e-01
9.718000000001527496e+02 2.512725535470425320e-01
9.719000000001527724e+02 2.507321150569506996e-01
9.720000000001527951e+02 2.501919270892192237e-01
9.721000000001528178e+02 2.497472388489246631e-01
9.722000000001528406e+02 2.493026039617831369e-01
9.723000000001528633e+02 2.488580530295934345e-01
9.724000000001528861e+02 2.484136189771175562e-01
9.725000000001529088e+02 2.479693370271007502e-01
9.726000000001529315e+02 2.469949849482183935e-01
9.727000000001529543e+02 2.460223101690982850e-01
9.728000000001529770e+02 2.450513547857897101e-01
9.729000000001529997e+02 2.440821627243143221e-01
9.730000000001530225e+02 2.431147796948570083e-01
9.731000000001530452e+02 2.423983749622798667e-01
9.732000000001530680e+02 2.416830656639872288e-01
9.733000000001530907e+02 2.409689037526739075e-01
9.734000000001531134e+02 2.402559430058856527e-01
9.735000000001531362e+02 2.395442389935006910e-01
9.736000000001531589e+02 2.390955145034410756e-01
9.737000000001531816e+02 2.386471900927455703e-01
9.738000000001532044e+02 2.381992824968582334e-01
9.739000000001532271e+02 2.377518034810986725e-01
9.740000000001532499e+02 2.373047598839986005e-01
9.741000000001532726e+02 2.365846343799791474e-01
9.742000000001532953e+02 2.358654633088080599e-01
9.743000000001533181e+02 2.351472393970663322e-01
9.744000000001533408e+02 2.344299506865177851e-01
9.745000000001533635e+02 2.337135806063928012e-01
9.746000000001533863e+02 2.329982044618816306e-01
9.747000000001534090e+02 2.322838940568505706e-01
9.748000000001534318e+02 2.315706246401986468e-01
9.749000000001534545e+02 2.308583717574232974e-01
9.750000000001534772e+02 2.301471112517316786e-01
9.751000000001535000e+02 2.300465259048103950e-01
9.752000000001535227e+02 2.299454879941904839e-01
9.753000000001535454e+02 2.298439739792968450e-01
9.754000000001535682e+02 2.297419603611409733e-01
9.755000000001535909e+02 2.296394236825129720e-01
9.756000000001536137e+02 2.291271812069433367e-01
9.757000000001536364e+02 2.286154059945582906e-01
9.758000000001536591e+02 2.281041067411996304e-01
9.759000000001536819e+02 2.275932897506680874e-01
9.760000000001537046e+02 2.270829589617884281e-01
9.761000000001537273e+02 2.272865917882343767e-01
9.762000000001537501e+02 2.274888057364699567e-01
9.763000000001537728e+02 2.276895972265628731e-01
9.764000000001537956e+02 2.278889603474069381e-01
9.765000000001538183e+02 2.280868868496808421e-01
9.766000000001538410e+02 2.291915494531553688e-01
9.767000000001538638e+02 2.302924889569737676e-01
9.768000000001538865e+02 2.313896985311763299e-01
9.769000000001539092e+02 2.324831735516155462e-01
9.770000000001539320e+02 2.335729116529665639e-01
9.771000000001539547e+02 2.339174273487139855e-01
9.772000000001539775e+02 2.342602642015426950e-01
9.773000000001540002e+02 2.346014258315318179e-01
9.774000000001540229e+02 2.349409182702398013e-01
9.775000000001540457e+02 2.352787499748063560e-01
9.776000000001540684e+02 2.344699617691159699e-01
9.777000000001540911e+02 2.336624335064671487e-01
9.778000000001541139e+02 2.328561419422223999e-01
9.779000000001541366e+02 2.320510641606862712e-01
9.780000000001541594e+02 2.312471775739333157e-01
9.781000000001541821e+02 2.307193206521651330e-01
9.782000000001542048e+02 2.301918211091441846e-01
9.783000000001542276e+02 2.296646568412374356e-01
9.784000000001542503e+02 2.291378059591268335e-01
9.785000000001542730e+02 2.286112467875820731e-01
9.786000000001542958e+02 2.282814884103895325e-01
9.787000000001543185e+02 2.279515652159167238e-01
9.788000000001543413e+02 2.276215244390625836e-01
9.789000000001543640e+02 2.272914130440346625e-01
9.790000000001543867e+02 2.269612777232477008e-01
9.791000000001544095e+02 2.264684781730461061e-01
9.792000000001544322e+02 2.259761949733464226e-01
9.793000000001544549e+02 2.254844738693397854e-01
9.794000000001544777e+02 2.249933602044955350e-01
9.795000000001545004e+02 2.245028989237644601e-01
9.796000000001545231e+02 2.245470542220179000e-01
9.797000000001545459e+02 2.245904752768773938e-01
9.798000000001545686e+02 2.246331391202640859e-01
9.799000000001545914e+02 2.246750227632474117e-01
9.800000000001546141e+02 2.247161031967388756e-01
9.801000000001546368e+02 2.247453257093247059e-01
9.802000000001546596e+02 2.247736823816771923e-01
9.803000000001546823e+02 2.248011502112035043e-01
9.804000000001547050e+02 2.248277061839435431e-01
9.805000000001547278e+02 2.248533272773751424e-01
9.806000000001547505e+02 2.257397753843728705e-01
9.807000000001547733e+02 2.266228589372578373e-01
9.808000000001547960e+02 2.275025540015762626e-01
9.809000000001548187e+02 2.283788362899958624e-01
9.810000000001548415e+02 2.292516811625831541e-01
9.811000000001548642e+02 2.293428295662343352e-01
9.812000000001548869e+02 2.294327797486329090e-01
9.813000000001549097e+02 2.295215076856965686e-01
9.814000000001549324e+02 2.296089893229964207e-01
9.815000000001549552e+02 2.296952005746742131e-01
9.816000000001549779e+02 2.291657635963382234e-01
9.817000000001550006e+02 2.286366497341892345e-01
9.818000000001550234e+02 2.281079070181417090e-01
9.819000000001550461e+02 2.275795830434101941e-01
9.820000000001550688e+02 2.270517249724056386e-01
9.821000000001550916e+02 2.263844919278478474e-01
9.822000000001551143e+02 2.257183064142052331e-01
9.823000000001551371e+02 2.250532137701905799e-01
9.824000000001551598e+02 2.243892587937104388e-01
9.825000000001551825e+02 2.237264857435451726e-01
9.826000000001552053e+02 2.233445606556653529e-01
9.827000000001552280e+02 2.229629972529449944e-01
9.828000000001552507e+02 2.225817718125820410e-01
9.829000000001552735e+02 2.222008607691437765e-01
9.830000000001552962e+02 2.218202407171597779e-01
9.831000000001553190e+02 2.221446342650461037e-01
9.832000000001553417e+02 2.224672290031527722e-01
9.833000000001553644e+02 2.227880026318759255e-01
9.834000000001553872e+02 2.231069327179679429e-01
9.835000000001554099e+02 2.234239966973059210e-01
9.836000000001554326e+02 2.235102027510207368e-01
9.837000000001554554e+02 2.235955277812461672e-01
9.838000000001554781e+02 2.236797650106647772e-01
9.839000000001555009e+02 2.237627210165409886e-01
9.840000000001555236e+02 2.238442157641736263e-01
9.841000000001555463e+02 2.233524947784269465e-01
9.842000000001555691e+02 2.228605627930470290e-01
9.843000000001555918e+02 2.223682860487531388e-01
9.844000000001556145e+02 2.218755455581596647e-01
9.845000000001556373e+02 2.213822369533932355e-01
9.846000000001556600e+02 2.208430511787953521e-01
9.847000000001556828e+02 2.203034257973161825e-01
9.848000000001557055e+02 2.197633055824710080e-01
9.849000000001557282e+02 2.192226537641389639e-01
9.850000000001557510e+02 2.186814518118007367e-01
9.851000000001557737e+02 2.185971940852267370e-01
9.852000000001557964e+02 2.185110884547794285e-01
9.853000000001558192e+02 2.184231631276131458e-01
9.854000000001558419e+02 2.183334640729267528e-01
9.855000000001558647e+02 2.182420549844782121e-01
9.856000000001558874e+02 2.182828703570197926e-01
9.857000000001559101e+02 2.183215288557719680e-01
9.858000000001559329e+02 2.183581393725873843e-01
9.859000000001559556e+02 2.183928242453001822e-01
9.860000000001559783e+02 2.184257192588806573e-01
9.861000000001560011e+02 2.181544637336312875e-01
9.862000000001560238e+02 2.178827763734066114e-01
9.863000000001560466e+02 2.176108331143375707e-01
9.864000000001560693e+02 2.173388222973565154e-01
9.865000000001560920e+02 2.170669445861734825e-01
9.866000000001561148e+02 2.166197633705000958e-01
9.867000000001561375e+02 2.161729939321197502e-01
9.868000000001561602e+02 2.157266579660164774e-01
9.869000000001561830e+02 2.152807769875166033e-01
9.870000000001562057e+02 2.148353723325287512e-01
9.871000000001562285e+02 2.144456146384873252e-01
9.872000000001562512e+02 2.140561425286848229e-01
9.873000000001562739e+02 2.136669771559819020e-01
9.874000000001562967e+02 2.132781395168007466e-01
9.875000000001563194e+02 2.128896504508730469e-01
9.876000000001563421e+02 2.126746301856454191e-01
9.877000000001563649e+02 2.124594439469434937e-01
9.878000000001563876e+02 2.122440478736929148e-01
9.879000000001564104e+02 2.120283982768522701e-01
9.880000000001564331e+02 2.118124516414028879e-01
9.881000000001564558e+02 2.116610792713880806e-01
9.882000000001564786e+02 2.115091254776309826e-01
9.883000000001565013e+02 2.113565472833248693e-01
9.884000000001565240e+02 2.112033018355907454e-01
9.885000000001565468e+02 2.110493464066737768e-01
9.886000000001565695e+02 2.107238357002987339e-01
9.887000000001565923e+02 2.103979540755760158e-01
9.888000000001566150e+02 2.100718111876356820e-01
9.889000000001566377e+02 2.097455096232105631e-01
9.890000000001566605e+02 2.094191449479766154e-01
9.891000000001566832e+02 2.090182297680679979e-01
9.892000000001567059e+02 2.086176544916261977e-01
9.893000000001567287e+02 2.082174936540822363e-01
9.894000000001567514e+02 2.078178148723739682e-01
9.895000000001567741e+02 2.074186789055199043e-01
9.896000000001567969e+02 2.069782243216084228e-01
9.897000000001568196e+02 2.065385579260774485e-01
9.898000000001568424e+02 2.060997199479290276e-01
9.899000000001568651e+02 2.056617439783631207e-01
9.900000000001568878e+02 2.052246570382122437e-01
9.901000000001569106e+02 2.049313664553209513e-01
9.902000000001569333e+02 2.046385359355902267e-01
9.903000000001569560e+02 2.043461745051014244e-01
9.904000000001569788e+02 2.040542848938214360e-01
9.905000000001570015e+02 2.037628635807476607e-01
9.906000000001570243e+02 2.035131228599427744e-01
9.907000000001570470e+02 2.032635742800047440e-01
9.908000000001570697e+02 2.030141624772164310e-01
9.909000000001570925e+02 2.027648240916455069e-01
9.910000000001571152e+02 2.025154878200319253e-01
9.911000000001571379e+02 2.022094942156633657e-01
9.912000000001571607e+02 2.019035226039076480e-01
9.913000000001571834e+02 2.015974781440305064e-01
9.914000000001572062e+02 2.012912583714731307e-01
9.915000000001572289e+02 2.009847532608246556e-01
9.916000000001572516e+02 2.007184272596006791e-01
9.917000000001572744e+02 2.004519070642624967e-01
9.918000000001572971e+02 2.001851926340427190e-01
9.919000000001573198e+02 1.999182839290079838e-01
9.920000000001573426e+02 1.996511809080437350e-01
9.921000000001573653e+02 1.992918082758750598e-01
9.922000000001573881e+02 1.989325512295768705e-01
9.923000000001574108e+02 1.985734097800576914e-01
9.924000000001574335e+02 1.982143839388431916e-01
9.925000000001574563e+02 1.978554737168377875e-01
9.926000000001574790e+02 1.974966791251510922e-01
9.927000000001575017e+02 1.971380001753002265e-01
9.928000000001575245e+02 1.967794368783889192e-01
9.929000000001575472e+02 1.964209892457237372e-01
9.930000000001575700e+02 1.960626572883145680e-01
9.931000000001575927e+02 1.957768791266124575e-01
9.932000000001576154e+02 1.954909591354567489e-01
9.933000000001576382e+02 1.952048973139076937e-01
9.934000000001576609e+02 1.949186936612328225e-01
9.935000000001576836e+02 1.946323481769681174e-01
9.936000000001577064e+02 1.943848330001515523e-01
9.937000000001577291e+02 1.941368386906465182e-01
9.938000000001577519e+02 1.938884726311946027e-01
9.939000000001577746e+02 1.936398337748163334e-01
9.940000000001577973e+02 1.933910126926741135e-01
9.941000000001578201e+02 1.930815838714185773e-01
9.942000000001578428e+02 1.927723546842487479e-01
9.943000000001578655e+02 1.924633905678690138e-01
9.944000000001578883e+02 1.921547487063479109e-01
9.945000000001579110e+02 1.918464780937372549e-01
9.946000000001579338e+02 1.915386988060948092e-01
9.947000000001579565e+02 1.912314150230154108e-01
9.948000000001579792e+02 1.909246250516754839e-01
9.949000000001580020e+02 1.906183213741615978e-01
9.950000000001580247e+02 1.903124906938488681e-01
9.951000000001580474e+02 1.900054756670130629e-01
9.952000000001580702e+02 1.896988951543810975e-01
9.953000000001580929e+02 1.893927187942731072e-01
9.954000000001581157e+02 1.890869106350320239e-01
9.955000000001581384e+02 1.887814291810264167e-01
9.956000000001581611e+02 1.884762274385944902e-01
9.957000000001581839e+02 1.881712529641013376e-01
9.958000000001582066e+02 1.878664479084727612e-01
9.959000000001582293e+02 1.875617490650847985e-01
9.960000000001582521e+02 1.872570879163282520e-01
9.961000000001582748e+02 1.869355361475769084e-01
9.962000000001582976e+02 1.866139452793304232e-01
9.963000000001583203e+02 1.862922311866501424e-01
9.964000000001583430e+02 1.859703046537091176e-01
9.965000000001583658e+02 1.856480714223019968e-01
9.966000000001583885e+02 1.853253556334711893e-01
9.967000000001584112e+02 1.850025033881496361e-01
9.968000000001584340e+02 1.846795530923881490e-01
9.969000000001584567e+02 1.843565428886803914e-01
9.970000000001584795e+02 1.840335106539814358e-01
9.971000000001585022e+02 1.837183424531463327e-01
9.972000000001585249e+02 1.834031787889654486e-01
9.973000000001585477e+02 1.830880567601111120e-01
9.974000000001585704e+02 1.827730132072400704e-01
9.975000000001585931e+02 1.824580847132483974e-01
9.976000000001586159e+02 1.821433828902928043e-01
9.977000000001586386e+02 1.818288127109952967e-01
9.978000000001586614e+02 1.815143548335985402e-01
9.979000000001586841e+02 1.811999900453093726e-01
9.980000000001587068e+02 1.808856992621535043e-01
9.981000000001587296e+02 1.805813174028655099e-01
9.982000000001587523e+02 1.802769598313793964e-01
9.983000000001587750e+02 1.799726078489260472e-01
9.984000000001587978e+02 1.796682428819943722e-01
9.985000000001588205e+02 1.793638464819980738e-01
9.986000000001588432e+02 1.790596222486458833e-01
9.987000000001588660e+02 1.787554717209853816e-01
9.988000000001588887e+02 1.784513025538125852e-01
9.989000000001589115e+02 1.781470284697025119e-01
9.990000000001589342e+02 1.778425692131460067e-01
9.991000000001589569e+02 1.775236140900517401e-01
9.992000000001589797e+02 1.772043796314537456e-01
9.993000000001590024e+02 1.768848034656281543e-01
9.994000000001590251e+02 1.765648290763585371e-01
9.995000000001590479e+02 1.762444057538056774e-01
9.996000000001590706e+02 1.759234885460942699e-01
9.997000000001590934e+02 1.756021384750856285e-01
9.998000000001591161e+02 1.752803508420067713e-01
9.999000000001591388e+02 1.749581281232021057e-01
1.000000000000159162e+03 1.746354799052392548e-01
1.000100000000159184e+03 1.743722601451170029e-01
1.000200000000159207e+03 1.741084683498306251e-01
1.000300000000159230e+03 1.738441346143976829e-01
1.000400000000159253e+03 1.735792959287396076e-01
1.000500000000159275e+03 1.733139961246438487e-01
1.000600000000159298e+03 1.729785223509318903e-01
1.000700000000159321e+03 1.726428394559531010e-01
1.000800000000159343e+03 1.723069833083095137e-01
1.000900000000159366e+03 1.719709947588264898e-01
1.001000000000159389e+03 1.716349195899424529e-01
1.001100000000159412e+03 1.712590812445672628e-01
1.001200000000159434e+03 1.708834067839763160e-01
1.001300000000159457e+03 1.705079564800518477e-01
1.001400000000159480e+03 1.701327952705465885e-01
1.001500000000159503e+03 1.697579927023948332e-01
1.001600000000159525e+03 1.693836228762056750e-01
1.001700000000159548e+03 1.690094749984246969e-01
1.001800000000159571e+03 1.686355491017900721e-01
1.001900000000159594e+03 1.682618452195638326e-01
1.002000000000159616e+03 1.678883633849811152e-01
1.002100000000159639e+03 1.676109202232715090e-01
1.002200000000159662e+03 1.673333468827531145e-01
1.002300000000159685e+03 1.670556433693207443e-01
1.002400000000159707e+03 1.667778096888772044e-01
1.002500000000159730e+03 1.664998458481333765e-01
1.002600000000159753e+03 1.662890344881809979e-01
1.002700000000159775e+03 1.660778405591704643e-01
1.002800000000159798e+03 1.658662640623646822e-01
1.002900000000159821e+03 1.656543049990474858e-01
1.003000000000159844e+03 1.654419633703546888e-01
1.003100000000159866e+03 1.651233078145674105e-01
1.003200000000159889e+03 1.648046713907663774e-01
1.003300000000159912e+03 1.644860541047373781e-01
1.003400000000159935e+03 1.641674559626082885e-01
1.003500000000159957e+03 1.638488769705060688e-01
1.003600000000159980e+03 1.635305197793991971e-01
1.003700000000160003e+03 1.632123109791074056e-01
1.003800000000160026e+03 1.628941826953746452e-01
1.003900000000160048e+03 1.625760725406042440e-01
1.004000000000160071e+03 1.622579235651573082e-01
1.004100000000160094e+03 1.619545923827096778e-01
1.004200000000160117e+03 1.616510897265600044e-01
1.004300000000160139e+03 1.613473746131897646e-01
1.004400000000160162e+03 1.610434112902464909e-01
1.004500000000160185e+03 1.607391691907191500e-01
1.004600000000160207e+03 1.604346891776161355e-01
1.004700000000160230e+03 1.601299269078412801e-01
1.004800000000160253e+03 1.598248448902852004e-01
1.004900000000160276e+03 1.595194124252284074e-01
1.005000000000160298e+03 1.592136055426281449e-01
1.005100000000160321e+03 1.588994291677973958e-01
1.005200000000160344e+03 1.585848811762631816e-01
1.005300000000160367e+03 1.582699574776998963e-01
1.005400000000160389e+03 1.579546604632549034e-01
1.005500000000160412e+03 1.576389989417949500e-01
1.005600000000160435e+03 1.573229230661462585e-01
1.005700000000160458e+03 1.570064778492162583e-01
1.005800000000160480e+03 1.566897127494840947e-01
1.005900000000160503e+03 1.563726816213818205e-01
1.006000000000160526e+03 1.560554426670175410e-01
1.006100000000160549e+03 1.557578621117871598e-01
1.006200000000160571e+03 1.554601476062437981e-01
1.006300000000160594e+03 1.551623700858187349e-01
1.006400000000160617e+03 1.548646046782841956e-01
1.006500000000160640e+03 1.545669306585487623e-01
1.006600000000160662e+03 1.543005654962219253e-01
1.006700000000160685e+03 1.540340787570087799e-01
1.006800000000160708e+03 1.537674860059496107e-01
1.006900000000160730e+03 1.535008026997876363e-01
1.007000000000160753e+03 1.532340441875342518e-01
1.007100000000160776e+03 1.529145028479166890e-01
1.007200000000160799e+03 1.525951184554099060e-01
1.007300000000160821e+03 1.522759059613751631e-01
1.007400000000160844e+03 1.519568801884376985e-01
1.007500000000160867e+03 1.516380558302753423e-01
1.007600000000160890e+03 1.513500549213816215e-01
1.007700000000160912e+03 1.510621218299185442e-01
1.007800000000160935e+03 1.507742251490420127e-01
1.007900000000160958e+03 1.504863337059911266e-01
1.008000000000160981e+03 1.501984165602933685e-01
1.008100000000161003e+03 1.498496313684316017e-01
1.008200000000161026e+03 1.495010110937730063e-01
1.008300000000161049e+03 1.491525255300086283e-01
1.008400000000161072e+03 1.488041447538885620e-01
1.008500000000161094e+03 1.484558391236963371e-01
1.008600000000161117e+03 1.481070896024928585e-01
1.008700000000161140e+03 1.477581294302416914e-01
1.008800000000161162e+03 1.474091182537733691e-01
1.008900000000161185e+03 1.470602037635391213e-01
1.009000000000161208e+03 1.467115218182727387e-01
1.009100000000161231e+03 1.463741458967013631e-01
1.009200000000161253e+03 1.460372109676187358e-01
1.009300000000161276e+03 1.457008182529666018e-01
1.009400000000161299e+03 1.453650576730843857e-01
1.009500000000161322e+03 1.450300079690376720e-01
1.009600000000161344e+03 1.447543898104051152e-01
1.009700000000161367e+03 1.444793987705572380e-01
1.009800000000161390e+03 1.442050616568274213e-01
1.009900000000161413e+03 1.439313962559528870e-01
1.010000000000161435e+03 1.436584114185999184e-01
1.010100000000161458e+03 1.434438778551420657e-01
1.010200000000161481e+03 1.432298028566714454e-01
1.010300000000161504e+03 1.430161697298359680e-01
1.010400000000161526e+03 1.428029531356868609e-01
1.010500000000161549e+03 1.425901191545833335e-01
1.010600000000161572e+03 1.423489028132250422e-01
1.010700000000161594e+03 1.421080033245594454e-01
1.010800000000161617e+03 1.418673377245521228e-01
1.010900000000161640e+03 1.416268135040765208e-01
1.011000000000161663e+03 1.413863286954423204e-01
1.011100000000161685e+03 1.410943823073649572e-01
1.011200000000161708e+03 1.408024671921450921e-01
1.011300000000161731e+03 1.405104537368265516e-01
1.011400000000161754e+03 1.402182034204475791e-01
1.011500000000161776e+03 1.399255689207490050e-01
1.011600000000161799e+03 1.396041848173246447e-01
1.011700000000161822e+03 1.392828139482728822e-01
1.011800000000161845e+03 1.389614854013158374e-01
1.011900000000161867e+03 1.386402280004253862e-01
1.012000000000161890e+03 1.383190703072093020e-01
1.012100000000161913e+03 1.380328162814404569e-01
1.012200000000161936e+03 1.377465716424993158e-01
1.012300000000161958e+03 1.374603642070063581e-01
1.012400000000161981e+03 1.371742215578911350e-01
1.012500000000162004e+03 1.368881710436445354e-01
1.012600000000162026e+03 1.366298648187421472e-01
1.012700000000162049e+03 1.363715474980268516e-01
1.012800000000162072e+03 1.361132044970639610e-01
1.012900000000162095e+03 1.358548213366048696e-01
1.013000000000162117e+03 1.355963836429720792e-01
1.013100000000162140e+03 1.353196229372304882e-01
1.013200000000162163e+03 1.350428566826447074e-01
1.013300000000162186e+03 1.347660708130750395e-01
1.013400000000162208e+03 1.344892513763159547e-01
1.013500000000162231e+03 1.342123845334507459e-01
1.013600000000162254e+03 1.339356225570412506e-01
1.013700000000162277e+03 1.336588916380098413e-01
1.013800000000162299e+03 1.333821226461796294e-01
1.013900000000162322e+03 1.331052510868568628e-01
1.014000000000162345e+03 1.328282170587019306e-01
1.014100000000162368e+03 1.325389998562145899e-01
1.014200000000162390e+03 1.322495897263231135e-01
1.014300000000162413e+03 1.319599403760260969e-01
1.014400000000162436e+03 1.316700099523991363e-01
1.014500000000162458e+03 1.313797609990227933e-01
1.014600000000162481e+03 1.310891604119893139e-01
1.014700000000162504e+03 1.307982540770467883e-01
1.014800000000162527e+03 1.305070388787304414e-01
1.014900000000162549e+03 1.302155170495143954e-01
1.015000000000162572e+03 1.299236961114944300e-01
1.015100000000162595e+03 1.296549869980189729e-01
1.015200000000162618e+03 1.293859333301245751e-01
1.015300000000162640e+03 1.291165579840775346e-01
1.015400000000162663e+03 1.288468889065459699e-01
1.015500000000162686e+03 1.285769590587128863e-01
1.015600000000162709e+03 1.283068063614963283e-01
1.015700000000162731e+03 1.280364005369864777e-01
1.015800000000162754e+03 1.277657682663166372e-01
1.015900000000162777e+03 1.274949399081644619e-01
1.016000000000162800e+03 1.272239494573375873e-01
1.016100000000162822e+03 1.269425158851646696e-01
1.016200000000162845e+03 1.266610439575974190e-01
1.016300000000162868e+03 1.263795783301332742e-01
1.016400000000162891e+03 1.260981671121281789e-01
1.016500000000162913e+03 1.258168618238130476e-01
1.016600000000162936e+03 1.255357173535915916e-01
1.016700000000162959e+03 1.252545774446865434e-01
1.016800000000162981e+03 1.249734420996212320e-01
1.016900000000163004e+03 1.246923113209188333e-01
1.017000000000163027e+03 1.244111851109649808e-01
1.017100000000163050e+03 1.241244214023845271e-01
1.017200000000163072e+03 1.238376875501053243e-01
1.017300000000163095e+03 1.235509835578368354e-01
1.017400000000163118e+03 1.232643094294161717e-01
1.017500000000163141e+03 1.229776651684245659e-01
1.017600000000163163e+03 1.226910507788252364e-01
1.017700000000163186e+03 1.224044662640726144e-01
1.017800000000163209e+03 1.221179116280023680e-01
1.017900000000163232e+03 1.218313868744489437e-01
1.018000000000163254e+03 1.215448920070165140e-01
1.018100000000163277e+03 1.212721373699380129e-01
1.018200000000163300e+03 1.209993753398075772e-01
1.018300000000163323e+03 1.207266059236549866e-01
1.018400000000163345e+03 1.204538291285102980e-01
1.018500000000163368e+03 1.201810449613634202e-01
1.018600000000163391e+03 1.198840783782266634e-01
1.018700000000163413e+03 1.195872144366955381e-01
1.018800000000163436e+03 1.192904531484571817e-01
1.018900000000163459e+03 1.189937945249447127e-01
1.019000000000163482e+03 1.186972385775286049e-01
1.019100000000163504e+03 1.184410062707042244e-01
1.019200000000163527e+03 1.181847199005855303e-01
1.019300000000163550e+03 1.179283794659725798e-01
1.019400000000163573e+03 1.176719849655427780e-01
1.019500000000163595e+03 1.174155363980126654e-01
1.019600000000163618e+03 1.171826783702193675e-01
1.019700000000163641e+03 1.169496627180012377e-01
1.019800000000163664e+03 1.167164894072133113e-01
1.019900000000163686e+03 1.164831584039513757e-01
1.020000000000163709e+03 1.162496696740016600e-01
1.020100000000163732e+03 1.159750213613629510e-01
1.020200000000163755e+03 1.157004001481106020e-01
1.020300000000163777e+03 1.154258060358293592e-01
1.020400000000163800e+03 1.151512390263420421e-01
1.020500000000163823e+03 1.148766991209940053e-01
1.020600000000163845e+03 1.146021863214880671e-01
1.020700000000163868e+03 1.143277006294076692e-01
1.020800000000163891e+03 1.140532420463360869e-01
1.020900000000163914e+03 1.137788105739740707e-01
1.021000000000163936e+03 1.135044062138046428e-01
1.021100000000163959e+03 1.132411857356327572e-01
1.021200000000163982e+03 1.129779393183235614e-01
1.021300000000164005e+03 1.127146669645240767e-01
1.021400000000164027e+03 1.124513686764141013e-01
1.021500000000164050e+03 1.121880444566399904e-01
1.021600000000164073e+03 1.119246943074988787e-01
1.021700000000164096e+03 1.116613182315203956e-01
1.021800000000164118e+03 1.113979162310028137e-01
1.021900000000164141e+03 1.111344883084756235e-01
1.022000000000164164e+03 1.108710344663585284e-01
1.022100000000164187e+03 1.106109775028508574e-01
1.022200000000164209e+03 1.103509063188827938e-01
1.022300000000164232e+03 1.100908209155100209e-01
1.022400000000164255e+03 1.098307212931034088e-01
1.022500000000164277e+03 1.095706074525675533e-01
1.022600000000164300e+03 1.092884409916206334e-01
1.022700000000164323e+03 1.090063652099726443e-01
1.022800000000164346e+03 1.087243801171287050e-01
1.022900000000164368e+03 1.084424857222547611e-01
1.023000000000164391e+03 1.081606820348943038e-01
1.023100000000164414e+03 1.079036144462629104e-01
1.023200000000164437e+03 1.076465464493301660e-01
1.023300000000164459e+03 1.073894780454345277e-01
1.023400000000164482e+03 1.071324092359132035e-01
1.023500000000164505e+03 1.068753400218457189e-01
1.023600000000164528e+03 1.065968851883314500e-01
1.023700000000164550e+03 1.063186177204116650e-01
1.023800000000164573e+03 1.060404932612678125e-01
1.023900000000164596e+03 1.057624711414038299e-01
1.024000000000164619e+03 1.054845143356024084e-01
1.024100000000164528e+03 1.052575307971315016e-01
1.024200000000164664e+03 1.050303044095903110e-01
1.024300000000164800e+03 1.048028086104502432e-01
1.024400000000164709e+03 1.045750202661785838e-01
1.024500000000164619e+03 1.043469196380561320e-01
1.024600000000164755e+03 1.041185333701795807e-01
1.024700000000164891e+03 1.038898327962711754e-01
1.024800000000164800e+03 1.036607937314523165e-01
1.024900000000164709e+03 1.034313964258669338e-01
1.025000000000164846e+03 1.032016255190219556e-01
1.025100000000164982e+03 1.028428582348479975e-01
1.025200000000164891e+03 1.024839004454964342e-01
1.025300000000164800e+03 1.021247506742231359e-01
1.025400000000164937e+03 1.017654116450296270e-01
1.025500000000165073e+03 1.014058902093607079e-01
1.025600000000164982e+03 1.010461555186157184e-01
1.025700000000164891e+03 1.006862377645809381e-01
1.025800000000165028e+03 1.003261698145856279e-01
1.025900000000165164e+03 9.996598715649675226e-02
1.026000000000165073e+03 9.960572784385195166e-02
1.026100000000164982e+03 9.924929567750664927e-02
1.026200000000165119e+03 9.889284279183277460e-02
1.026300000000165255e+03 9.853641460966854060e-02
1.026400000000165164e+03 9.818005890776124178e-02
1.026500000000165073e+03 9.782382576247529438e-02
1.026600000000165210e+03 9.746776749659948058e-02
1.026700000000165346e+03 9.711177231076544014e-02
1.026800000000165255e+03 9.675584994395899918e-02
1.026900000000165164e+03 9.640000999073297661e-02
1.027000000000165301e+03 9.604426190169328137e-02
1.027100000000165437e+03 9.571383022385686334e-02
1.027200000000165346e+03 9.538340957243882090e-02
1.027300000000165255e+03 9.505300902445856792e-02
1.027400000000165392e+03 9.472263752270153325e-02
1.027500000000165528e+03 9.439230387566202585e-02
1.027600000000165437e+03 9.406205564206805703e-02
1.027700000000165346e+03 9.373183357830471019e-02
1.027800000000165483e+03 9.340161786141862321e-02
1.027900000000165619e+03 9.307138893690118653e-02
1.028000000000165528e+03 9.274112751833997470e-02
1.028100000000165437e+03 9.240443453230381965e-02
1.028200000000165574e+03 9.206775859844890109e-02
1.028300000000165710e+03 9.173108124755044446e-02
1.028400000000165619e+03 9.139438428373797274e-02
1.028500000000165528e+03 9.105764978487236594e-02
1.028600000000165664e+03 9.072056015843053822e-02
1.028700000000165801e+03 9.038325971699201489e-02
1.028800000000165710e+03 9.004584705075936724e-02
1.028900000000165619e+03 8.970841292813312717e-02
1.029000000000165755e+03 8.937104041454482783e-02
1.029100000000165892e+03 8.904827385318007937e-02
1.029200000000165801e+03 8.872568933273300429e-02
1.029300000000165710e+03 8.840334763927563955e-02
1.029400000000165846e+03 8.808130237425740305e-02
1.029500000000165983e+03 8.775960007015623510e-02
1.029600000000165892e+03 8.745594515442453587e-02
1.029700000000165801e+03 8.715259903924794938e-02
1.029800000000165937e+03 8.684957582711221036e-02
1.029900000000166074e+03 8.654688407582518395e-02
1.030000000000165983e+03 8.624452689171983877e-02
1.030100000000165892e+03 8.592519594446282327e-02
1.030200000000166028e+03 8.560631827450930487e-02
1.030300000000166165e+03 8.528788092064858162e-02
1.030400000000166074e+03 8.496986585320460972e-02
1.030500000000165983e+03 8.465225007088042486e-02
1.030600000000166119e+03 8.433500569764416921e-02
1.030700000000166256e+03 8.401805207604683134e-02
1.030800000000166165e+03 8.370133834926285488e-02
1.030900000000166074e+03 8.338480843862013103e-02
1.031000000000166210e+03 8.306840115585900630e-02
1.031100000000166347e+03 8.276632102302848570e-02
1.031200000000166256e+03 8.246424896612872257e-02
1.031300000000166165e+03 8.216210911476527767e-02
1.031400000000166301e+03 8.185982088346634156e-02
1.031500000000166438e+03 8.155729908038340803e-02
1.031600000000166347e+03 8.125442042717608004e-02
1.031700000000166256e+03 8.095147298742977338e-02
1.031800000000166392e+03 8.064847392932773806e-02
1.031900000000166528e+03 8.034544017363119683e-02
1.032000000000166438e+03 8.004238839388831683e-02
1.032100000000166347e+03 7.974445335394922396e-02
1.032200000000166483e+03 7.944649422250164850e-02
1.032300000000166619e+03 7.914852693403331974e-02
1.032400000000166528e+03 7.885056717978054797e-02
1.032500000000166438e+03 7.855263040746196523e-02
1.032600000000166574e+03 7.825476416765363152e-02
1.032700000000166710e+03 7.795692701399371816e-02
1.032800000000166619e+03 7.765911021781664314e-02
1.032900000000166528e+03 7.736130517224444614e-02
1.033000000000166665e+03 7.706350339168771546e-02
1.033100000000166801e+03 7.678116276928677320e-02
1.033200000000166710e+03 7.649878008573872401e-02
1.033300000000166619e+03 7.621634723309131387e-02
1.033400000000166756e+03 7.593385621917972395e-02
1.033500000000166892e+03 7.565129916690456480e-02
1.033600000000166801e+03 7.536876172563596044e-02
1.033700000000166710e+03 7.508620195955456600e-02
1.033800000000166847e+03 7.480358083396541902e-02
1.033900000000166983e+03 7.452086217169570648e-02
1.034000000000166892e+03 7.423801261043420918e-02
1.034100000000166801e+03 7.395115109837456513e-02
1.034200000000166938e+03 7.366417543890141362e-02
1.034300000000167074e+03 7.337706048478942478e-02
1.034400000000166983e+03 7.308978373644878235e-02
1.034500000000166892e+03 7.280232529770241934e-02
1.034600000000167029e+03 7.251466783269175376e-02
1.034700000000167165e+03 7.222683776081777196e-02
1.034800000000167074e+03 7.193883432149615620e-02
1.034900000000166983e+03 7.165065971777941078e-02
1.035000000000167120e+03 7.136231905806818265e-02
1.035100000000167256e+03 7.110438933946554296e-02
1.035200000000167165e+03 7.084616601419641002e-02
1.035300000000167074e+03 7.058766233121098466e-02
1.035400000000167211e+03 7.032889423573930598e-02
1.035500000000167347e+03 7.006988031588928800e-02
1.035600000000167256e+03 6.981064175000155358e-02
1.035700000000167165e+03 6.955116254243680352e-02
1.035800000000167302e+03 6.929145770009519090e-02
1.035900000000167438e+03 6.903154413211690099e-02
1.036000000000167347e+03 6.877144060985465601e-02
1.036100000000167256e+03 6.849092377988072466e-02
1.036200000000167392e+03 6.821046635501777644e-02
1.036300000000167529e+03 6.793009246598202822e-02
1.036400000000167438e+03 6.764982791474040413e-02
1.036500000000167347e+03 6.736970013208040675e-02
1.036600000000167483e+03 6.708973813515922702e-02
1.036700000000167620e+03 6.680985808825201655e-02
1.036800000000167529e+03 6.653005998633157447e-02
1.036900000000167438e+03 6.625034382457577198e-02
1.037000000000167574e+03 6.597070959819335834e-02
1.037100000000167711e+03 6.571089781330632928e-02
1.037200000000167620e+03 6.545105341874724036e-02
1.037300000000167529e+03 6.519117641342657421e-02
1.037400000000167665e+03 6.493126679618783925e-02
1.037500000000167802e+03 6.467132456607728452e-02
1.037600000000167711e+03 6.441134972187297081e-02
1.037700000000167620e+03 6.415134226261905159e-02
1.037800000000167756e+03 6.389130218722570420e-02
1.037900000000167893e+03 6.363122949447275190e-02
1.038000000000167802e+03 6.337112418348504750e-02
1.038100000000167711e+03 6.312007591086524205e-02
1.038200000000167847e+03 6.286901545770326449e-02
1.038300000000167984e+03 6.261794282446683790e-02
1.038400000000167893e+03 6.236685801142971552e-02
1.038500000000167802e+03 6.211576101912317377e-02
1.038600000000167938e+03 6.186465184788476901e-02
1.038700000000168075e+03 6.161353049811798405e-02
1.038800000000167984e+03 6.136239697035303364e-02
1.038900000000167893e+03 6.111125126486456616e-02
1.039000000000168029e+03 6.086009338210619790e-02
1.039100000000168166e+03 6.060195936371969017e-02
1.039200000000168075e+03 6.034387120967475010e-02
1.039300000000167984e+03 6.008582892045719048e-02
1.039400000000168120e+03 5.982783249680156956e-02
1.039500000000168257e+03 5.956988193931805897e-02
1.039600000000168166e+03 5.931197724855513664e-02
1.039700000000168075e+03 5.905411842524370403e-02
1.039800000000168211e+03 5.879630546986917145e-02
1.039900000000168347e+03 5.853853838310114216e-02
1.040000000000168257e+03 5.828081716564369186e-02
1.040100000000168166e+03 5.804444575119994953e-02
1.040200000000168302e+03 5.780803671740886163e-02
1.040300000000168438e+03 5.757159006205497809e-02
1.040400000000168347e+03 5.733510578286275111e-02
1.040500000000168257e+03 5.709858387749653513e-02
1.040600000000168393e+03 5.686202434379799414e-02
1.040700000000168529e+03 5.662542717937401465e-02
1.040800000000168438e+03 5.638879238206646882e-02
1.040900000000168347e+03 5.615211994954022456e-02
1.041000000000168484e+03 5.591540987957788200e-02
1.041100000000168620e+03 5.567933395149152198e-02
1.041200000000168529e+03 5.544321434292382583e-02
1.041300000000168438e+03 5.520705105443845379e-02
1.041400000000168575e+03 5.497084408659967669e-02
1.041500000000168711e+03 5.473459343997342380e-02
1.041600000000168620e+03 5.449829911518229431e-02
1.041700000000168529e+03 5.426196111273548506e-02
1.041800000000168666e+03 5.402557943319932082e-02
1.041900000000168802e+03 5.378915407719746938e-02
1.042000000000168711e+03 5.355268504525446255e-02
1.042100000000168620e+03 5.332334157579583095e-02
1.042200000000168757e+03 5.309399373573323727e-02
1.042300000000168893e+03 5.286464152619733958e-02
1.042400000000168802e+03 5.263528494848303263e-02
1.042500000000168711e+03 5.240592400377388355e-02
1.042600000000168848e+03 5.217655869319973855e-02
1.042700000000168984e+03 5.194718901794618399e-02
1.042800000000168893e+03 5.171781497925211080e-02
1.042900000000168802e+03 5.148843657835466825e-02
1.043000000000168939e+03 5.125905381633034247e-02
1.043100000000169075e+03 5.102919742944343751e-02
1.043200000000168984e+03 5.079934083431631581e-02
1.043300000000168893e+03 5.056948403312361284e-02
1.043400000000169030e+03 5.033962702814495649e-02
1.043500000000169166e+03 5.010976982155680021e-02
1.043600000000169075e+03 4.987997422634288941e-02
1.043700000000168984e+03 4.965021741680532980e-02
1.043800000000169121e+03 4.942047848253230263e-02
1.043900000000169257e+03 4.919073839330075082e-02
1.044000000000169166e+03 4.896097996379870920e-02
1.044100000000169075e+03 4.874077879538478431e-02
1.044200000000169211e+03 4.852054737799024742e-02
1.044300000000169348e+03 4.830027381596821434e-02
1.044400000000169257e+03 4.807994790984407990e-02
1.044500000000169166e+03 4.785956112253884898e-02
1.044600000000169302e+03 4.762953124053517784e-02
1.044700000000169439e+03 4.739952949029428708e-02
1.044800000000169348e+03 4.716954550341730112e-02
1.044900000000169257e+03 4.693957104554802306e-02
1.045000000000169393e+03 4.670959996967747468e-02
1.045100000000169530e+03 4.649699537872665350e-02
1.045200000000169439e+03 4.628422430332094356e-02
1.045300000000169348e+03 4.607128645633969816e-02
1.045400000000169484e+03 4.585818345303392662e-02
1.045500000000169621e+03 4.564491876792714509e-02
1.045600000000169530e+03 4.543147891780546094e-02
1.045700000000169439e+03 4.521787790286996289e-02
1.045800000000169575e+03 4.500413086834655074e-02
1.045900000000169712e+03 4.479025407198539144e-02
1.046000000000169621e+03 4.457626485083878570e-02
1.046100000000169530e+03 4.436392415868531391e-02
1.046200000000169666e+03 4.415160211567446813e-02
1.046300000000169803e+03 4.393931909444279832e-02
1.046400000000169712e+03 4.372709641877426529e-02
1.046500000000169621e+03 4.351495633178637662e-02
1.046600000000169757e+03 4.330292196393422527e-02
1.046700000000169894e+03 4.309094350292126674e-02
1.046800000000169803e+03 4.287902524504021151e-02
1.046900000000169712e+03 4.266717140067134706e-02
1.047000000000169848e+03 4.245538609421976167e-02
1.047100000000169985e+03 4.225766080054037949e-02
1.047200000000169894e+03 4.205993172332501279e-02
1.047300000000169803e+03 4.186220276653346284e-02
1.047400000000169939e+03 4.166447775352770388e-02
1.047500000000170076e+03 4.146676042734079304e-02
1.047600000000169985e+03 4.126907151084923536e-02
1.047700000000169894e+03 4.107138481888227693e-02
1.047800000000170030e+03 4.087369154862140891e-02
1.047900000000170166e+03 4.067598305791830793e-02
1.048000000000170076e+03 4.047825086525098232e-02
1.048100000000169985e+03 4.027923066597251245e-02
1.048200000000170121e+03 4.008018290938723110e-02
1.048300000000170257e+03 3.988109959658079490e-02
1.048400000000170166e+03 3.968197289044968212e-02
1.048500000000170076e+03 3.948279511592527741e-02
1.048600000000170212e+03 3.927557376067613432e-02
1.048700000000170348e+03 3.906834831810367115e-02
1.048800000000170257e+03 3.886113983936326233e-02
1.048900000000170166e+03 3.865396776979883320e-02
1.049000000000170303e+03 3.844684998083656297e-02
1.049100000000170439e+03 3.825629773225733277e-02
1.049200000000170348e+03 3.806577815132992926e-02
1.049300000000170257e+03 3.787530461292603484e-02
1.049400000000170394e+03 3.768488906654730158e-02
1.049500000000170530e+03 3.749454206549172192e-02
1.049600000000170439e+03 3.730427279601947893e-02
1.049700000000170348e+03 3.711408910631965735e-02
1.049800000000170485e+03 3.692399753589074157e-02
1.049900000000170621e+03 3.673400334439955173e-02
1.050000000000170530e+03 3.654411054079821641e-02
1.050100000000170439e+03 3.636119439342217624e-02
1.050200000000170576e+03 3.617837247190647254e-02
1.050300000000170712e+03 3.599564526519056368e-02
1.050400000000170621e+03 3.581301212802760758e-02
1.050500000000170530e+03 3.563047130880371560e-02
1.050600000000170667e+03 3.544801997736790611e-02
1.050700000000170803e+03 3.526563410154325701e-02
1.050800000000170712e+03 3.508330319379442813e-02
1.050900000000170621e+03 3.490101553835636000e-02
1.051000000000170758e+03 3.471875822842042381e-02
1.051100000000170894e+03 3.453538160791000400e-02
1.051200000000170803e+03 3.435201813073516380e-02
1.051300000000170712e+03 3.416865153970492786e-02
1.051400000000170849e+03 3.398526453709931755e-02
1.051500000000170985e+03 3.380183882216641206e-02
1.051600000000170894e+03 3.361835512857593716e-02
1.051700000000170803e+03 3.343486964938967992e-02
1.051800000000170940e+03 3.325138238526804263e-02
1.051900000000171076e+03 3.306789333697572608e-02
1.052000000000170985e+03 3.288440250515036606e-02
1.052100000000170894e+03 3.270714652769856484e-02
1.052200000000171030e+03 3.252994351437455550e-02
1.052300000000171167e+03 3.235279347436185310e-02
1.052400000000171076e+03 3.217569641674331016e-02
1.052500000000170985e+03 3.199865235074580289e-02
1.052600000000171121e+03 3.182809120276824250e-02
1.052700000000171258e+03 3.165751414463042340e-02
1.052800000000171167e+03 3.148692117571744165e-02
1.052900000000171076e+03 3.131631229557795687e-02
1.053000000000171212e+03 3.114568750370171751e-02
1.053100000000171349e+03 3.097914312187067046e-02
1.053200000000171258e+03 3.081260068217990533e-02
1.053300000000171167e+03 3.064606018873609894e-02
1.053400000000171303e+03 3.047952164564649361e-02
1.053500000000171440e+03 3.031298505705101731e-02
1.053600000000171349e+03 3.014645042702705779e-02
1.053700000000171258e+03 2.997991775968344291e-02
1.053800000000171394e+03 2.981338705916052045e-02
1.053900000000171531e+03 2.964685832959920719e-02
1.054000000000171440e+03 2.948033157502099808e-02
1.054100000000171349e+03 2.931548880965292522e-02
1.054200000000171485e+03 2.915069166373918802e-02
1.054300000000171622e+03 2.898594015281932140e-02
1.054400000000171531e+03 2.882123429248969679e-02
1.054500000000171440e+03 2.865657409829212854e-02
1.054600000000171576e+03 2.849772252252125854e-02
1.054700000000171713e+03 2.833885238907392010e-02
1.054800000000171622e+03 2.817996370222567923e-02
1.054900000000171531e+03 2.802105646630970864e-02
1.055000000000171667e+03 2.786213068551927907e-02
1.055100000000171804e+03 2.770635667776797859e-02
1.055200000000171713e+03 2.755059326623282914e-02
1.055300000000171622e+03 2.739484045770325046e-02
1.055400000000171758e+03 2.723909825894029260e-02
1.055500000000171894e+03 2.708336667669684200e-02
1.055600000000171804e+03 2.692220028893652431e-02
1.055700000000171713e+03 2.676110750808499000e-02
1.055800000000171849e+03 2.660008833450080296e-02
1.055900000000171985e+03 2.643914276848230785e-02
1.056000000000171894e+03 2.627827081036999968e-02
1.056100000000171804e+03 2.612887205196272669e-02
1.056200000000171940e+03 2.597947945536562692e-02
1.056300000000172076e+03 2.583009302155844442e-02
1.056400000000171985e+03 2.568071275149422933e-02
1.056500000000171894e+03 2.553133864614356291e-02
1.056600000000172031e+03 2.537683265579593339e-02
1.056700000000172167e+03 2.522239330252142378e-02
1.056800000000172076e+03 2.506802058354708207e-02
1.056900000000171985e+03 2.491371449609849562e-02
1.057000000000172122e+03 2.475947503747691694e-02
1.057100000000172258e+03 2.461967663463327655e-02
1.057200000000172167e+03 2.447984174372437940e-02
1.057300000000172076e+03 2.433997036209039830e-02
1.057400000000172213e+03 2.420006248702123372e-02
1.057500000000172349e+03 2.406011811590016286e-02
1.057600000000172258e+03 2.391529020710634473e-02
1.057700000000172167e+03 2.377048254159745341e-02
1.057800000000172304e+03 2.362569513884878528e-02
1.057900000000172440e+03 2.348092801846197314e-02
1.058000000000172349e+03 2.333618119995537962e-02
1.058100000000172258e+03 2.319918830112801741e-02
1.058200000000172395e+03 2.306219201426570539e-02
1.058300000000172531e+03 2.292519234099940628e-02
1.058400000000172440e+03 2.278818928286427056e-02
1.058500000000172349e+03 2.265118284149046646e-02
1.058600000000172486e+03 2.251417301841356425e-02
1.058700000000172622e+03 2.237715981526419359e-02
1.058800000000172531e+03 2.224014323362582743e-02
1.058900000000172440e+03 2.210312327505853033e-02
1.059000000000172577e+03 2.196609994116267839e-02
1.059100000000172713e+03 2.183874541941894371e-02
1.059200000000172622e+03 2.171140706519948324e-02
1.059300000000172531e+03 2.158408489941679095e-02
1.059400000000172668e+03 2.145677894291550189e-02
1.059500000000172804e+03 2.132948921659331976e-02
1.059600000000172713e+03 2.120652163401560639e-02
1.059700000000172622e+03 2.108352037360932199e-02
1.059800000000172759e+03 2.096048543575493653e-02
1.059900000000172895e+03 2.083741682076817661e-02
1.060000000000172804e+03 2.071431452904785170e-02
1.060100000000172713e+03 2.058858697902714308e-02
1.060200000000172849e+03 2.046285737165572105e-02
1.060300000000172986e+03 2.033712570868088237e-02
1.060400000000172895e+03 2.021139199182857976e-02
1.060500000000172804e+03 2.008565622279646912e-02
1.060600000000172940e+03 1.995586562805538172e-02
1.060700000000173077e+03 1.982612404648220056e-02
1.060800000000172986e+03 1.969643148106605540e-02
1.060900000000172895e+03 1.956678793477354891e-02
1.061000000000173031e+03 1.943719341060691497e-02
1.061100000000173168e+03 1.931710422285606854e-02
1.061200000000173077e+03 1.919701544566329923e-02
1.061300000000172986e+03 1.907692707970493756e-02
1.061400000000173122e+03 1.895683912567707949e-02
1.061500000000173259e+03 1.883675158423659887e-02
1.061600000000173168e+03 1.871666445606044379e-02
1.061700000000173077e+03 1.859657774184438409e-02
1.061800000000173213e+03 1.847649144226441026e-02
1.061900000000173350e+03 1.835640555799713386e-02
1.062000000000173259e+03 1.823632008973425159e-02
1.062100000000173168e+03 1.812496561409785573e-02
1.062200000000173304e+03 1.801364353614975239e-02
1.062300000000173441e+03 1.790235386314469046e-02
1.062400000000173350e+03 1.779109660231846524e-02
1.062500000000173259e+03 1.767987176091260007e-02
1.062600000000173395e+03 1.757225457597421173e-02
1.062700000000173532e+03 1.746462602900379635e-02
1.062800000000173441e+03 1.735698612028819740e-02
1.062900000000173350e+03 1.724933485015033019e-02
1.063000000000173486e+03 1.714167221889540196e-02
1.063100000000173623e+03 1.703426829939326190e-02
1.063200000000173532e+03 1.692684960146984344e-02
1.063300000000173441e+03 1.681941612493806359e-02
1.063400000000173577e+03 1.671196786966366171e-02
1.063500000000173713e+03 1.660450483545424308e-02
1.063600000000173623e+03 1.649367055683999619e-02
1.063700000000173532e+03 1.638286523961218072e-02
1.063800000000173668e+03 1.627208889258392396e-02
1.063900000000173804e+03 1.616134152463757911e-02
1.064000000000173713e+03 1.605062314466260479e-02
1.064100000000173623e+03 1.595398631897285840e-02
1.064200000000173759e+03 1.585734380660551446e-02
1.064300000000173895e+03 1.576069560766714742e-02
1.064400000000173804e+03 1.566404172229741293e-02
1.064500000000173713e+03 1.556738215060272067e-02
1.064600000000173850e+03 1.547071689273833359e-02
1.064700000000173986e+03 1.537404594879498987e-02
1.064800000000173895e+03 1.527736931891213179e-02
1.064900000000173804e+03 1.518068700322836549e-02
1.065000000000173941e+03 1.508399900185046667e-02
1.065100000000174077e+03 1.498730320852320608e-02
1.065200000000173986e+03 1.489060173003344326e-02
1.065300000000173895e+03 1.479389456704571955e-02
1.065400000000174032e+03 1.469718172020893776e-02
1.065500000000174168e+03 1.460046319015732147e-02
1.065600000000174077e+03 1.450373897757099850e-02
1.065700000000173986e+03 1.440700908308383509e-02
1.065800000000174123e+03 1.431027350734514342e-02
1.065900000000174259e+03 1.421353225100482030e-02
1.066000000000174168e+03 1.411678531474774845e-02
1.066100000000174077e+03 1.403163793046403006e-02
1.066200000000174214e+03 1.394648342627917773e-02
1.066300000000174350e+03 1.386132180233275342e-02
1.066400000000174259e+03 1.377615305874965376e-02
1.066500000000174168e+03 1.369097719565444057e-02
1.066600000000174305e+03 1.360579421317170516e-02
1.066700000000174441e+03 1.352060411144064000e-02
1.066800000000174350e+03 1.343540689057205403e-02
1.066900000000174259e+03 1.335020255070464706e-02
1.067000000000174396e+03 1.326499109194974671e-02
1.067100000000174532e+03 1.318011461512965873e-02
1.067200000000174441e+03 1.309522660911710545e-02
1.067300000000174350e+03 1.301032707320089535e-02
1.067400000000174487e+03 1.292541600671069310e-02
1.067500000000174623e+03 1.284049340893561250e-02
1.067600000000174532e+03 1.275555927919179953e-02
1.067700000000174441e+03 1.267061361676816329e-02
1.067800000000174578e+03 1.258565642096715238e-02
1.067900000000174714e+03 1.250068769110466993e-02
1.068000000000174623e+03 1.241570742650627106e-02
1.068100000000174532e+03 1.234386994160768108e-02
1.068200000000174668e+03 1.227200180646604091e-02
1.068300000000174805e+03 1.220010302117536562e-02
1.068400000000174714e+03 1.212817358582980905e-02
1.068500000000174623e+03 1.205621350051084943e-02
1.068600000000174759e+03 1.198422276532544288e-02
1.068700000000174896e+03 1.191220138035586386e-02
1.068800000000174805e+03 1.184014934569729491e-02
1.068900000000174714e+03 1.176806666144470694e-02
1.069000000000174850e+03 1.169595332768891792e-02
1.069100000000174987e+03 1.162828087988536027e-02
1.069200000000174896e+03 1.156059515297988907e-02
1.069300000000174805e+03 1.149289614586368469e-02
1.069400000000174941e+03 1.142518385744006014e-02
1.069500000000175078e+03 1.135745828664033556e-02
1.069600000000174987e+03 1.129201409074841178e-02
1.069700000000174896e+03 1.122652906875757153e-02
1.069800000000175032e+03 1.116100321147261640e-02
1.069900000000175169e+03 1.109543650967456316e-02
1.070000000000175078e+03 1.102982895417495453e-02
1.070100000000174987e+03 1.096218941792042635e-02
1.070200000000175123e+03 1.089453310814222919e-02
1.070300000000175260e+03 1.082686003352043014e-02
1.070400000000175169e+03 1.075917020274784995e-02
1.070500000000175078e+03 1.069146362452940736e-02
1.070600000000175214e+03 1.062374030754889911e-02
1.070700000000175351e+03 1.055600026050300747e-02
1.070800000000175260e+03 1.048824349208964980e-02
1.070900000000175169e+03 1.042047001099692324e-02
1.071000000000175305e+03 1.035267982595470572e-02
1.071100000000175442e+03 1.029555597967039826e-02
1.071200000000175351e+03 1.023842776701032638e-02
1.071300000000175260e+03 1.018129518793696973e-02
1.071400000000175396e+03 1.012415824239154202e-02
1.071500000000175532e+03 1.006701693033669638e-02
1.071600000000175442e+03 1.000987125171406110e-02
1.071700000000175351e+03 9.952721206496272649e-03
1.071800000000175487e+03 9.895566794624681764e-03
1.071900000000175623e+03 9.838408016051361504e-03
1.072000000000175532e+03 9.781244870738085503e-03
1.072100000000175442e+03 9.729597222755979880e-03
1.072200000000175578e+03 9.677948106548048615e-03
1.072300000000175714e+03 9.626297522532601195e-03
1.072400000000175623e+03 9.574645471148137549e-03
1.072500000000175532e+03 9.522991952826196163e-03
1.072600000000175669e+03 9.473256185210568447e-03
1.072700000000175805e+03 9.423498016764331880e-03
1.072800000000175714e+03 9.373717447056903809e-03
1.072900000000175623e+03 9.323914475599100887e-03
1.073000000000175760e+03 9.274089101942778121e-03
1.073100000000175896e+03 9.225119961328522369e-03
1.073200000000175805e+03 9.176118931704441498e-03
1.073300000000175714e+03 9.127086005985291656e-03
1.073400000000175851e+03 9.078021177076020867e-03
1.073500000000175987e+03 9.028924437859745661e-03
1.073600000000175896e+03 8.977980213985894964e-03
1.073700000000175805e+03 8.927024674548849487e-03
1.073800000000175942e+03 8.876057819306502547e-03
1.073900000000176078e+03 8.825079648026401200e-03
1.074000000000175987e+03 8.774090160474774108e-03
1.074100000000175896e+03 8.722326734385428201e-03
1.074200000000176033e+03 8.670622697874448559e-03
1.074300000000176169e+03 8.618978046269629850e-03
1.074400000000176078e+03 8.567392774860916813e-03
1.074500000000175987e+03 8.515866878975129201e-03
1.074600000000176124e+03 8.471272203166336362e-03
1.074700000000176260e+03 8.426661745981682897e-03
1.074800000000176169e+03 8.382035510047642496e-03
1.074900000000176078e+03 8.337393497973598355e-03
1.075000000000176215e+03 8.292735712401860457e-03
1.075100000000176351e+03 8.251596313396898641e-03
1.075200000000176260e+03 8.210401699264756326e-03
1.075300000000176169e+03 8.169151871938413328e-03
1.075400000000176306e+03 8.127846833334534393e-03
1.075500000000176442e+03 8.086486585373590247e-03
1.075600000000176351e+03 8.041822565056824801e-03
1.075700000000176260e+03 7.997140743213696987e-03
1.075800000000176396e+03 7.952441120692923734e-03
1.075900000000176533e+03 7.907723698335263063e-03
1.076000000000176442e+03 7.862988476965454554e-03
1.076100000000176351e+03 7.818278060667800330e-03
1.076200000000176487e+03 7.773549496760861870e-03
1.076300000000176624e+03 7.728802783332404044e-03
1.076400000000176533e+03 7.684037918510222206e-03
1.076500000000176442e+03 7.639254900365746205e-03
1.076600000000176578e+03 7.589855672309349204e-03
1.076700000000176715e+03 7.540492558809028766e-03
1.076800000000176624e+03 7.491165590937709506e-03
1.076900000000176533e+03 7.441874799796133200e-03
1.077000000000176669e+03 7.392620216488322848e-03
1.077100000000176806e+03 7.347192301734787982e-03
1.077200000000176715e+03 7.301819951528038845e-03
1.077300000000176624e+03 7.256503156322936451e-03
1.077400000000176760e+03 7.211241906602126016e-03
1.077500000000176897e+03 7.166036192843427619e-03
1.077600000000176806e+03 7.128119737692699930e-03
1.077700000000176715e+03 7.090175948353043441e-03
1.077800000000176851e+03 7.052204832963140588e-03
1.077900000000176988e+03 7.014206399678257764e-03
1.078000000000176897e+03 6.976180656627000397e-03
1.078100000000176806e+03 6.934453204523182389e-03
1.078200000000176942e+03 6.892667455348569505e-03
1.078300000000177079e+03 6.850823404693273493e-03
1.078400000000176988e+03 6.808921048140275517e-03
1.078500000000176897e+03 6.766960381274719077e-03
1.078600000000177033e+03 6.722234232276605610e-03
1.078700000000177170e+03 6.677492223861064384e-03
1.078800000000177079e+03 6.632731512894561240e-03
1.078900000000176988e+03 6.587949531224410876e-03
1.079000000000177124e+03 6.543143978868359162e-03
1.079100000000177261e+03 6.503664997583188077e-03
1.079200000000177170e+03 6.464166736905438068e-03
1.079300000000177079e+03 6.424647641720854750e-03
1.079400000000177215e+03 6.385106393035092087e-03
1.079500000000177351e+03 6.345541901999243208e-03
1.079600000000177261e+03 6.300862726086942263e-03
1.079700000000177170e+03 6.256222753534210375e-03
1.079800000000177306e+03 6.211621610887890256e-03
1.079900000000177442e+03 6.167059131524491727e-03
1.080000000000177351e+03 6.122535348813813900e-03
1.080100000000177261e+03 6.078215664147247274e-03
1.080200000000177397e+03 6.033934733694481384e-03
1.080300000000177533e+03 5.989693116494389583e-03
1.080400000000177442e+03 5.945491544486059335e-03
1.080500000000177351e+03 5.901330915760893102e-03
1.080600000000177488e+03 5.861979578203556016e-03
1.080700000000177624e+03 5.822607029979865421e-03
1.080800000000177533e+03 5.783213789057934165e-03
1.080900000000177442e+03 5.743800597864987846e-03
1.081000000000177579e+03 5.704368415259523407e-03
1.081100000000177715e+03 5.669306964978066896e-03
1.081200000000177624e+03 5.634247699530874412e-03
1.081300000000177533e+03 5.599192171417239142e-03
1.081400000000177670e+03 5.564142122681317582e-03
1.081500000000177806e+03 5.529099477827756522e-03
1.081600000000177715e+03 5.497410702783565167e-03
1.081700000000177624e+03 5.465680241346478931e-03
1.081800000000177761e+03 5.433908745498193874e-03
1.081900000000177897e+03 5.402096854487879220e-03
1.082000000000177806e+03 5.370245194821838403e-03
1.082100000000177715e+03 5.338211650372971448e-03
1.082200000000177852e+03 5.306142348711179527e-03
1.082300000000177988e+03 5.274037859459903069e-03
1.082400000000177897e+03 5.241898739263390131e-03
1.082500000000177806e+03 5.209725531740263919e-03
1.082600000000177943e+03 5.171247660901923809e-03
1.082700000000178079e+03 5.132821243200732207e-03
1.082800000000177988e+03 5.094446069311243247e-03
1.082900000000177897e+03 5.056121986990412369e-03
1.083000000000178034e+03 5.017848899120818697e-03
1.083100000000178170e+03 4.973186214055282280e-03
1.083200000000178079e+03 4.928594947665710345e-03
1.083300000000177988e+03 4.884075125872371428e-03
1.083400000000178125e+03 4.839626821318271724e-03
1.083500000000178261e+03 4.795250151138420389e-03
1.083600000000178170e+03 4.757716169145394247e-03
1.083700000000178079e+03 4.720131321994460415e-03
1.083800000000178215e+03 4.682497846826796060e-03
1.083900000000178352e+03 4.644817724436148092e-03
1.084000000000178261e+03 4.607092686763710268e-03
1.084100000000178170e+03 4.580889167710621747e-03
1.084200000000178306e+03 4.554655856220088221e-03
1.084300000000178443e+03 4.528393811326707555e-03
1.084400000000178352e+03 4.502103882846869749e-03
1.084500000000178261e+03 4.475786716673707186e-03
1.084600000000178397e+03 4.445842159026548203e-03
1.084700000000178534e+03 4.415920610494884074e-03
1.084800000000178443e+03 4.386022801885466720e-03
1.084900000000178352e+03 4.356149306196378281e-03
1.085000000000178488e+03 4.326300543163961662e-03
1.085100000000178625e+03 4.287675190460737799e-03
1.085200000000178534e+03 4.249125797114726953e-03
1.085300000000178443e+03 4.210652293227517412e-03
1.085400000000178579e+03 4.172254473946880246e-03
1.085500000000178716e+03 4.133932005302551685e-03
1.085600000000178625e+03 4.090674418637348618e-03
1.085700000000178534e+03 4.047572097654356105e-03
1.085800000000178670e+03 4.004623740775529149e-03
1.085900000000178807e+03 3.961827932281021709e-03
1.086000000000178716e+03 3.919183150642150358e-03
1.086100000000178625e+03 3.889235599225739342e-03
1.086200000000178761e+03 3.859312386517783217e-03
1.086300000000178898e+03 3.829411677395538113e-03
1.086400000000178807e+03 3.799531538008049224e-03
1.086500000000178716e+03 3.769669941757245769e-03
1.086600000000178852e+03 3.749091324251966392e-03
1.086700000000178989e+03 3.728395230566968529e-03
1.086800000000178898e+03 3.707581656744169622e-03
1.086900000000178807e+03 3.686650598837663568e-03
1.087000000000178943e+03 3.665602052889451509e-03
1.087100000000179080e+03 3.643855679280997434e-03
1.087200000000178989e+03 3.622001530966610216e-03
1.087300000000178898e+03 3.600039590179365638e-03
1.087400000000179034e+03 3.577969839144079164e-03
1.087500000000179170e+03 3.555792260073766236e-03
1.087600000000179080e+03 3.529222931203925429e-03
1.087700000000178989e+03 3.502615490636083132e-03
1.087800000000179125e+03 3.475969932377996618e-03
1.087900000000179261e+03 3.449286250451869939e-03
1.088000000000179170e+03 3.422564438857934269e-03
1.088100000000179080e+03 3.391695867263139902e-03
1.088200000000179216e+03 3.360858929225694642e-03
1.088300000000179352e+03 3.330053630587211273e-03
1.088400000000179261e+03 3.299279977186078596e-03
1.088500000000179170e+03 3.268537974860657221e-03
1.088600000000179307e+03 3.235860142551633817e-03
1.088700000000179443e+03 3.203248887310072325e-03
1.088800000000179352e+03 3.170704220903523655e-03
1.088900000000179261e+03 3.138226155093225191e-03
1.089000000000179398e+03 3.105814701660357564e-03
1.089100000000179534e+03 3.075233313387813663e-03
1.089200000000179443e+03 3.044685945479993442e-03
1.089300000000179352e+03 3.014172599927923604e-03
1.089400000000179489e+03 2.983693278725591154e-03
1.089500000000179625e+03 2.953247983858628672e-03
1.089600000000179534e+03 2.923434190074964811e-03
1.089700000000179443e+03 2.893642733082984596e-03
1.089800000000179580e+03 2.863873614230026936e-03
1.089900000000179716e+03 2.834126834860448314e-03
1.090000000000179625e+03 2.804402396333274036e-03
1.090100000000179534e+03 2.779619416725406886e-03
1.090200000000179671e+03 2.754867764280125551e-03
1.090300000000179807e+03 2.730147433582617335e-03
1.090400000000179716e+03 2.705458419217901273e-03
1.090500000000179625e+03 2.680800715798477892e-03
1.090600000000179762e+03 2.662177588357024505e-03
1.090700000000179898e+03 2.643481922088973795e-03
1.090800000000179807e+03 2.624713731773458975e-03
1.090900000000179716e+03 2.605873032192916605e-03
1.091000000000179853e+03 2.586959838128013826e-03
1.091100000000179989e+03 2.566640854199174742e-03
1.091200000000179898e+03 2.546273996536138270e-03
1.091300000000179807e+03 2.525859261602205266e-03
1.091400000000179944e+03 2.505396645858206772e-03
1.091500000000180080e+03 2.484886145742173924e-03
1.091600000000179989e+03 2.455847277634609031e-03
1.091700000000179898e+03 2.426919348910640435e-03
1.091800000000180034e+03 2.398102368186952760e-03
1.091900000000180171e+03 2.369396344090149778e-03
1.092000000000180080e+03 2.340801285239417582e-03
1.092100000000179989e+03 2.312651334834564358e-03
1.092200000000180125e+03 2.284606437065492095e-03
1.092300000000180262e+03 2.256666581051738028e-03
1.092400000000180171e+03 2.228831755899678049e-03
1.092500000000180080e+03 2.201101950753511956e-03
1.092600000000180216e+03 2.180708519704828603e-03
1.092700000000180353e+03 2.160269702627714075e-03
1.092800000000180262e+03 2.139785504659959172e-03
1.092900000000180171e+03 2.119255930930570488e-03
1.093000000000180307e+03 2.098680986582614986e-03
1.093100000000180444e+03 2.080518166178433378e-03
1.093200000000180353e+03 2.062257409515429879e-03
1.093300000000180262e+03 2.043898683977809876e-03
1.093400000000180398e+03 2.025441956951056811e-03
1.093500000000180535e+03 2.006887195804056730e-03
1.093600000000180444e+03 1.984180883000716267e-03
1.093700000000180353e+03 1.961469266024542212e-03
1.093800000000180489e+03 1.938752344763094776e-03
1.093900000000180626e+03 1.916030119110178741e-03
1.094000000000180535e+03 1.893302588951166834e-03
1.094100000000180444e+03 1.872612795967961959e-03
1.094200000000180580e+03 1.851986920144049189e-03
1.094300000000180717e+03 1.831424958673490968e-03
1.094400000000180626e+03 1.810926908749838646e-03
1.094500000000180535e+03 1.790492767579531267e-03
1.094600000000180671e+03 1.773413402561299559e-03
1.094700000000180808e+03 1.756334555257146705e-03
1.094800000000180717e+03 1.739256225739200558e-03
1.094900000000180626e+03 1.722178414083216490e-03
1.095000000000180762e+03 1.705101120360916211e-03
1.095100000000180898e+03 1.687829580068320699e-03
1.095200000000180808e+03 1.670562443263897811e-03
1.095300000000180717e+03 1.653299711525619674e-03
1.095400000000180853e+03 1.636041386436775345e-03
1.095500000000180989e+03 1.618787469571369639e-03
1.095600000000180898e+03 1.600215470394331010e-03
1.095700000000180808e+03 1.581675823093769626e-03
1.095800000000180944e+03 1.563168535624321568e-03
1.095900000000181080e+03 1.544693615944087812e-03
1.096000000000180989e+03 1.526251072020008833e-03
1.096100000000180898e+03 1.511822595486972138e-03
1.096200000000181035e+03 1.497337347502726741e-03
1.096300000000181171e+03 1.482795325345322591e-03
1.096400000000181080e+03 1.468196526294833189e-03
1.096500000000180989e+03 1.453540947631161602e-03
1.096600000000181126e+03 1.438533017905994915e-03
1.096700000000181262e+03 1.423475330900580375e-03
1.096800000000181171e+03 1.408367884240711247e-03
1.096900000000181080e+03 1.393210675559925036e-03
1.097000000000181217e+03 1.378003702468991220e-03
1.097100000000181353e+03 1.358096736076181386e-03
1.097200000000181262e+03 1.338258322332209690e-03
1.097300000000181171e+03 1.318488436002122031e-03
1.097400000000181308e+03 1.298787051851321662e-03
1.097500000000181444e+03 1.279154144648401124e-03
1.097600000000181353e+03 1.260370265289190812e-03
1.097700000000181262e+03 1.241633511539075871e-03
1.097800000000181399e+03 1.222943866559049117e-03
1.097900000000181535e+03 1.204301313510440334e-03
1.098000000000181444e+03 1.185705835570880938e-03
1.098100000000181353e+03 1.173915194592786530e-03
1.098200000000181490e+03 1.162134141863977593e-03
1.098300000000181626e+03 1.150362677170501573e-03
1.098400000000181535e+03 1.138600800298352140e-03
1.098500000000181444e+03 1.221275045814934276e-03
1.098600000000181581e+03 1.268489468764978255e-03
1.098700000000181717e+03 1.283140971685224358e-03
1.098800000000181626e+03 1.267621768227115628e-03
