6.760000000000854925e+02 1.534501620265442845e-12
6.761000000000855152e+02 8.974596245163000844e-04
6.762000000000855380e+02 1.794965346717339229e-03
6.763000000000855607e+02 2.692517007808398633e-03
6.764000000000855835e+02 3.590114447468218013e-03
6.765000000000856062e+02 4.464137729177294033e-03
6.766000000000856289e+02 5.337081671047230400e-03
6.767000000000856517e+02 6.233313329326945797e-03
6.768000000000856744e+02 7.129212977277679143e-03
6.769000000000856971e+02 8.024780664497395063e-03
6.770000000000857199e+02 8.920016440528231311e-03
6.771000000000857426e+02 9.816226514798149366e-03
6.772000000000857654e+02 1.071234319214784368e-02
6.773000000000857881e+02 1.158477222874875791e-02
6.774000000000858108e+02 1.245711031976893049e-02
6.775000000000858336e+02 1.335294924517142420e-02
6.776000000000858563e+02 1.425169448627166928e-02
6.777000000000858790e+02 1.515072343137191177e-02
6.778000000000859018e+02 1.605003601827317827e-02
6.779000000000859245e+02 1.694963218477342146e-02
6.780000000000859472e+02 1.784951186865009476e-02
6.781000000000859700e+02 1.872225069695002825e-02
6.782000000000859927e+02 1.959491033627024786e-02
6.783000000000860155e+02 2.049109803947119987e-02
6.784000000000860382e+02 2.138720440837112505e-02
6.785000000000860609e+02 2.228322944027105734e-02
6.786000000000860837e+02 2.317917313247098640e-02
6.787000000000861064e+02 2.407503548217091935e-02
6.788000000000861291e+02 2.497081648665152795e-02
6.789000000000861519e+02 2.584291530725145794e-02
6.790000000000861746e+02 2.671493491756857241e-02
6.791000000000861974e+02 2.760681114186829682e-02
6.792000000000862201e+02 2.849836855496802254e-02
6.793000000000862428e+02 2.938960719896875975e-02
6.794000000000862656e+02 3.028052711586848647e-02
6.795000000000862883e+02 3.117112834796820914e-02
6.796000000000863110e+02 3.206141093714759416e-02
6.797000000000863338e+02 3.292780455734732603e-02
6.798000000000863565e+02 3.379388801526840569e-02
6.799000000000863793e+02 3.468322332426812538e-02
6.800000000000864020e+02 3.557224015807609191e-02
6.801000000000864247e+02 3.647047717137621992e-02
6.802000000000864475e+02 3.736886175937634974e-02
6.803000000000864702e+02 3.826739379627749904e-02
6.804000000000864929e+02 3.916607315635723535e-02
6.805000000000865157e+02 4.004133212584992663e-02
6.806000000000865384e+02 4.090814010137012319e-02
6.807000000000865612e+02 4.179828860136992202e-02
6.808000000000865839e+02 4.268821005497074050e-02
6.809000000000866066e+02 4.357790447967054004e-02
6.810000000000866294e+02 4.446737189444273375e-02
6.811000000000866521e+02 4.624821223154212263e-02
6.812000000000866748e+02 4.802834472052110865e-02
6.813000000000866976e+02 4.978423083602250693e-02
6.814000000000867203e+02 5.153941866444231024e-02
6.815000000000867431e+02 5.331743764154169701e-02
6.816000000000867658e+02 5.509474924212067609e-02
6.817000000000867885e+02 5.684783358702007877e-02
6.818000000000868113e+02 5.860022011224187699e-02
6.819000000000868340e+02 6.037541961184126477e-02
6.820000000000868567e+02 6.214991220652434784e-02
6.821000000000868795e+02 6.390493193912397119e-02
6.822000000000869022e+02 6.565951445004400422e-02
6.823000000000869250e+02 6.743715703404563888e-02
6.824000000000869477e+02 6.921435661862482269e-02
6.825000000000869704e+02 7.096762179813773108e-02
6.826000000000869932e+02 7.273572727315842645e-02
6.827000000000870159e+02 7.452762743385868416e-02
6.828000000000870386e+02 7.631983059564051430e-02
6.829000000000870614e+02 7.808883700824077734e-02
6.830000000000870841e+02 7.985814189304601962e-02
6.831000000000871069e+02 8.163344806644559637e-02
6.832000000000871296e+02 8.340828195802472977e-02
6.833000000000871523e+02 8.515915142962630913e-02
6.834000000000871751e+02 8.690955492394639159e-02
6.835000000000871978e+02 8.868297844014606801e-02
6.836000000000872205e+02 9.045604174812525711e-02
6.837000000000872433e+02 9.220523090342488959e-02
6.838000000000872660e+02 9.395399742614697625e-02
6.839000000000872888e+02 9.572578062294653800e-02
6.840000000000873115e+02 9.749706656851796216e-02
6.841000000000873342e+02 9.923562838071720016e-02
6.842000000000873570e+02 1.009733256125369127e-01
6.843000000000873797e+02 1.027335819895380947e-01
6.844000000000874024e+02 1.044929018665167464e-01
6.845000000000874252e+02 1.062278120735158787e-01
6.846000000000874479e+02 1.079617412905354984e-01
6.847000000000874707e+02 1.097180992595345878e-01
6.848000000000874934e+02 1.114734193375151589e-01
6.849000000000875161e+02 1.132042590815142274e-01
6.850000000000875389e+02 1.149340363875449023e-01
6.851000000000875616e+02 1.166988513105442771e-01
6.852000000000875843e+02 1.184629538045231523e-01
6.853000000000876071e+02 1.202029293235244989e-01
6.854000000000876298e+02 1.219421907645443920e-01
6.855000000000876526e+02 1.237041428544283644e-01
6.856000000000876753e+02 1.253337309074040729e-01
6.857000000000876980e+02 1.269355784404002652e-01
6.858000000000877208e+02 1.285331068214187467e-01
6.859000000000877435e+02 1.301496313804149929e-01
6.860000000000877662e+02 1.317618353614037618e-01
6.861000000000877890e+02 1.322218871493735237e-01
6.862000000000878117e+02 1.326474980953235572e-01
6.863000000000878345e+02 1.330161442742942013e-01
6.864000000000878572e+02 1.333509209822839325e-01
6.865000000000878799e+02 1.336740170034606268e-01
6.866000000000879027e+02 1.319223226933677884e-01
6.867000000000879254e+02 1.300649822082943774e-01
6.868000000000879481e+02 1.281241229032361595e-01
6.869000000000879709e+02 1.261196303961617249e-01
6.870000000000879936e+02 1.240305107927512085e-01
6.871000000000880163e+02 1.237477851667162787e-01
6.872000000000880391e+02 1.234253630556976650e-01
6.873000000000880618e+02 1.230817653106618254e-01
6.874000000000880846e+02 1.226979419206105371e-01
6.875000000000881073e+02 1.222559103820174548e-01
6.876000000000881300e+02 1.256806690290733219e-01
6.877000000000881528e+02 1.291688279021133146e-01
6.878000000000881755e+02 1.327023750431403915e-01
6.879000000000881982e+02 1.362620913961798685e-01
6.880000000000882210e+02 1.398665443338959757e-01
6.881000000000882437e+02 1.431491960249289541e-01
6.882000000000882665e+02 1.464692353449440765e-01
6.883000000000882892e+02 1.498064076979804538e-01
6.884000000000883119e+02 1.531804463320313170e-01
6.885000000000883347e+02 1.566120793819195389e-01
6.886000000000883574e+02 1.576530632518917951e-01
6.887000000000883801e+02 1.586626135368824353e-01
6.888000000000884029e+02 1.596615637818923628e-01
6.889000000000884256e+02 1.606704644958830142e-01
6.890000000000884484e+02 1.616688089853366705e-01
6.891000000000884711e+02 1.631800645033365804e-01
6.892000000000884938e+02 1.646911795663545397e-01
6.893000000000885166e+02 1.662226167493562889e-01
6.894000000000885393e+02 1.677540712523383215e-01
6.895000000000885620e+02 1.692652443130284456e-01
6.896000000000885848e+02 1.715556437530589562e-01
6.897000000000886075e+02 1.738805384150715061e-01
6.898000000000886303e+02 1.762195912500683637e-01
6.899000000000886530e+02 1.785520955600808091e-01
6.900000000000886757e+02 1.808986366309889848e-01
6.901000000000886985e+02 1.831416426649994655e-01
6.902000000000887212e+02 1.853964450239912465e-01
6.903000000000887439e+02 1.876419897570041351e-01
6.904000000000887667e+02 1.898991786420332895e-01
6.905000000000887894e+02 1.921892065941230299e-01
6.906000000000888122e+02 1.945802919861157609e-01
6.907000000000888349e+02 1.969631893071272788e-01
6.908000000000888576e+02 1.993590649411606519e-01
6.909000000000888804e+02 2.017894159221722272e-01
6.910000000000889031e+02 2.042327998829868430e-01
6.911000000000889258e+02 2.064676495029952596e-01
6.912000000000889486e+02 2.087119494749841708e-01
6.913000000000889713e+02 2.109437813719948207e-01
6.914000000000889941e+02 2.131847318560223525e-01
6.915000000000890168e+02 2.154566224209873426e-01
6.916000000000890395e+02 2.176891942799753787e-01
6.917000000000890623e+02 2.199083029959829350e-01
6.918000000000890850e+02 2.221358918220127654e-01
6.919000000000891077e+02 2.243941322840204422e-01
6.920000000000891305e+02 2.266609633379423339e-01
6.921000000000891532e+02 2.288401556039488249e-01
6.922000000000891760e+02 2.310266367969752432e-01
6.923000000000891987e+02 2.332427827289843547e-01
6.924000000000892214e+02 2.354663090839708983e-01
6.925000000000892442e+02 2.376747323698847059e-01
6.926000000000892669e+02 2.397866022029100652e-01
6.927000000000892896e+02 2.419268736039153489e-01
6.928000000000893124e+02 2.440730638419028320e-01
6.929000000000893351e+02 2.462025302779080604e-01
6.930000000000893579e+02 2.483378290196785743e-01
6.931000000000893806e+02 2.502163189556804723e-01
6.932000000000894033e+02 2.520969344396620793e-01
6.933000000000894261e+02 2.539569538866660592e-01
6.934000000000894488e+02 2.558190704046883202e-01
6.935000000000894715e+02 2.577060332735410797e-01
6.936000000000894943e+02 2.594284645115206844e-01
6.937000000000895170e+02 2.611280591345205848e-01
6.938000000000895398e+02 2.628275665915428272e-01
6.939000000000895625e+02 2.645497340405427167e-01
6.940000000000895852e+02 2.662718131295845336e-01
6.941000000000896080e+02 2.680405130935852309e-01
6.942000000000896307e+02 2.698100093796063081e-01
6.943000000000896534e+02 2.716030645236091057e-01
6.944000000000896762e+02 2.733969265505893920e-01
6.945000000000896989e+02 2.751688222007494522e-01
6.946000000000897217e+02 2.771191924807726581e-01
6.947000000000897444e+02 2.790953711487753619e-01
6.948000000000897671e+02 2.810745850677597857e-01
6.949000000000897899e+02 2.830339813517624981e-01
6.950000000000898126e+02 2.849963731716582127e-01
6.951000000000898353e+02 2.868426909056593921e-01
6.952000000000898581e+02 2.886903049956399681e-01
6.953000000000898808e+02 2.905163164706432433e-01
6.954000000000899036e+02 2.923436066166649194e-01
6.955000000000899263e+02 2.941950911615530129e-01
6.956000000000899490e+02 2.959220806625322830e-01
6.957000000000899718e+02 2.976259835935320952e-01
6.958000000000899945e+02 2.993297158985545603e-01
6.959000000000900172e+02 3.010561889975543748e-01
6.960000000000900400e+02 3.027824891808833518e-01
6.961000000000900627e+02 3.048741475178868288e-01
6.962000000000900855e+02 3.069697184658696787e-01
6.963000000000901082e+02 3.090462110308754839e-01
6.964000000000901309e+02 3.111265602818997777e-01
6.965000000000901537e+02 3.132338066859632897e-01
6.966000000000901764e+02 3.154114736899465976e-01
6.967000000000901991e+02 3.175706637559507217e-01
6.968000000000902219e+02 3.197344170829781729e-01
6.969000000000902446e+02 3.219258986079823748e-01
6.970000000000902673e+02 3.241220019896212667e-01
6.971000000000902901e+02 3.259180925356218173e-01
6.972000000000903128e+02 3.277147771026432954e-01
6.973000000000903356e+02 3.295352655666459185e-01
6.974000000000903583e+02 3.313563558466254833e-01
6.975000000000903810e+02 3.331548298554992682e-01
6.976000000000904038e+02 3.348136320135194355e-01
6.977000000000904265e+02 3.364947859915186634e-01
6.978000000000904492e+02 3.381750738664988098e-01
6.979000000000904720e+02 3.398313006054980434e-01
6.980000000000904947e+02 3.414866728054005152e-01
6.981000000000905175e+02 3.430342855693984672e-01
6.982000000000905402e+02 3.445796851803755723e-01
6.983000000000905629e+02 3.460997256953752821e-01
6.984000000000905857e+02 3.476175818733942546e-01
6.985000000000906084e+02 3.491563704272585555e-01
6.986000000000906311e+02 3.505453473732342839e-01
6.987000000000906539e+02 3.519075634642309658e-01
6.988000000000906766e+02 3.532661354082501370e-01
6.989000000000906994e+02 3.546440829652467430e-01
6.990000000000907221e+02 3.560183376895432183e-01
6.991000000000907448e+02 3.577193632115429622e-01
6.992000000000907676e+02 3.594201608305636619e-01
6.993000000000907903e+02 3.611437216175654163e-01
6.994000000000908130e+02 3.628670514665442992e-01
6.995000000000908358e+02 3.645671623486847479e-01
6.996000000000908585e+02 3.664219151217067982e-01
6.997000000000908813e+02 3.683008817687078995e-01
6.998000000000909040e+02 3.701810739696901886e-01
6.999000000000909267e+02 3.720394706116912920e-01
7.000000000000909495e+02 3.738990758376181112e-01
7.001000000000909722e+02 3.756781895776183378e-01
7.002000000000909949e+02 3.774575688825976272e-01
7.003000000000910177e+02 3.792141793705998687e-01
7.004000000000910404e+02 3.809710517746210945e-01
7.005000000000910632e+02 3.827512239156213303e-01
7.006000000000910859e+02 3.845316614116006115e-01
7.007000000000911086e+02 3.862893227926008088e-01
7.008000000000911314e+02 3.880472458806241143e-01
7.009000000000911541e+02 3.898284755786243228e-01
7.010000000000911768e+02 3.916099704185742603e-01
7.011000000000911996e+02 3.933365314335739993e-01
7.012000000000912223e+02 3.950628700895528200e-01
7.013000000000912451e+02 3.967659440555545425e-01
7.014000000000912678e+02 3.984687985975753355e-01
7.015000000000912905e+02 4.001944731236525832e-01
7.016000000000913133e+02 4.020047185354426733e-01
7.017000000000913360e+02 4.035850075754430777e-01
7.018000000000913587e+02 4.051657341768341580e-01
7.019000000000913815e+02 4.060783616078343927e-01
7.020000000000914042e+02 4.069912295217928411e-01
7.021000000000914270e+02 4.078586798307928807e-01
7.022000000000914497e+02 4.087260915067927880e-01
7.023000000000914724e+02 4.095934645397937279e-01
7.024000000000914952e+02 4.104607989227937459e-01
7.025000000000915179e+02 4.113280946479526690e-01
7.026000000000915406e+02 4.123690905269322138e-01
7.027000000000915634e+02 4.133877064169327875e-01
7.028000000000915861e+02 4.144069961869558116e-01
7.029000000000916089e+02 4.154500506019563888e-01
7.030000000000916316e+02 4.164937972321610671e-01
7.031000000000916543e+02 4.177608983131625986e-01
7.032000000000916771e+02 4.190296978111641701e-01
7.033000000000916998e+02 4.203001961001671671e-01
7.034000000000917225e+02 4.215723935541474954e-01
7.035000000000917453e+02 4.228230827378233192e-01
7.036000000000917680e+02 4.237204796168447807e-01
7.037000000000917908e+02 4.246412419488448942e-01
7.038000000000918135e+02 4.255621619008461143e-01
7.039000000000918362e+02 4.264832394538461968e-01
7.040000000000918590e+02 4.274044745827828007e-01
7.041000000000918817e+02 4.282566646977827296e-01
7.042000000000919044e+02 4.291087314567825772e-01
7.043000000000919272e+02 4.299606748647834542e-01
7.044000000000919499e+02 4.308124949257620129e-01
7.045000000000919727e+02 4.316409813967618803e-01
7.046000000000919954e+02 4.324693477957831100e-01
7.047000000000920181e+02 4.333208011087829603e-01
7.048000000000920409e+02 4.341721310947838086e-01
7.049000000000920636e+02 4.350233377567837012e-01
7.050000000000920863e+02 4.358744211008435121e-01
7.051000000000921091e+02 4.367904153088436048e-01
7.052000000000921318e+02 4.377065438872239644e-01
7.053000000000921546e+02 4.379497876912243348e-01
7.054000000000921773e+02 4.381930601240316969e-01
7.055000000000922000e+02 4.382274603781163291e-01
7.056000000000922228e+02 4.383536390451163722e-01
7.057000000000922455e+02 4.384798279411163402e-01
7.058000000000922682e+02 4.386060270641164993e-01
7.059000000000922910e+02 4.387322364121165053e-01
7.060000000000923137e+02 4.388584559810620456e-01
7.061000000000923364e+02 4.389256552340620177e-01
7.062000000000923592e+02 4.389928442790619889e-01
7.063000000000923819e+02 4.390600231180620816e-01
7.064000000000924047e+02 4.391271917510620737e-01
7.065000000000924274e+02 4.391943501790620541e-01
7.066000000000924501e+02 4.392614984030620562e-01
7.067000000000924729e+02 4.393286364220620466e-01
7.068000000000924956e+02 4.393957642380620920e-01
7.069000000000925183e+02 4.394628818490621258e-01
7.070000000000925411e+02 4.395299892580216694e-01
7.071000000000925638e+02 4.395534075630216364e-01
7.072000000000925866e+02 4.395768201130216268e-01
7.073000000000926093e+02 4.396002269110216853e-01
7.074000000000926320e+02 4.396236279550216342e-01
7.075000000000926548e+02 4.396470232470216510e-01
7.076000000000926775e+02 4.396704127870216250e-01
7.077000000000927002e+02 4.396937965760216449e-01
7.078000000000927230e+02 4.397171746130216774e-01
7.079000000000927457e+02 4.397405468990216448e-01
7.080000000000927685e+02 4.397639134360741830e-01
7.081000000000927912e+02 4.398438825420741827e-01
7.082000000000928139e+02 4.399238456880741888e-01
7.083000000000928367e+02 4.400038028740742568e-01
7.084000000000928594e+02 4.400837540990742980e-01
7.085000000000928821e+02 4.401636993630742567e-01
7.086000000000929049e+02 4.402436386660742440e-01
7.087000000000929276e+02 4.403235720070742265e-01
7.088000000000929504e+02 4.404034993870743486e-01
7.089000000000929731e+02 4.404834208050743549e-01
7.090000000000929958e+02 4.405633362590380964e-01
7.091000000000930186e+02 4.406042639520380555e-01
7.092000000000930413e+02 4.406451884900380866e-01
7.093000000000930640e+02 4.406861098730380788e-01
7.094000000000930868e+02 4.407270281020380653e-01
7.095000000000931095e+02 4.407679431750380905e-01
7.096000000000931323e+02 4.408088550950380879e-01
7.097000000000931550e+02 4.408497638590380685e-01
7.098000000000931777e+02 4.408906694680381211e-01
7.099000000000932005e+02 4.409315719220381347e-01
7.100000000000932232e+02 4.409724712210249531e-01
7.101000000000932459e+02 4.409992686440249998e-01
7.102000000000932687e+02 4.410260607840249536e-01
7.103000000000932914e+02 4.410528476430249922e-01
7.104000000000933142e+02 4.410796292220249826e-01
7.105000000000933369e+02 4.411064055190249689e-01
7.106000000000933596e+02 4.411331765360249624e-01
7.107000000000933824e+02 4.411599422730249631e-01
7.108000000000934051e+02 4.411867027300249711e-01
7.109000000000934278e+02 4.412134579070249862e-01
7.110000000000934506e+02 4.412402078060975730e-01
7.111000000000934733e+02 4.413446152340975703e-01
7.112000000000934961e+02 4.414490255450975731e-01
7.113000000000935188e+02 4.415534387390976923e-01
7.114000000000935415e+02 4.416578548140976945e-01
7.115000000000935643e+02 4.417622737690977130e-01
7.116000000000935870e+02 4.418666956020976810e-01
7.117000000000936097e+02 4.419711203130977095e-01
7.118000000000936325e+02 4.420755479000977872e-01
7.119000000000936552e+02 4.421799783630978031e-01
7.120000000000936780e+02 4.422844116969162909e-01
7.121000000000937007e+02 4.421950453919162860e-01
7.122000000000937234e+02 4.421056701119163157e-01
7.123000000000937462e+02 4.420162858649162030e-01
7.124000000000937689e+02 4.419268926549161369e-01
7.125000000000937916e+02 4.418374904900023714e-01
7.126000000000938144e+02 4.418400335970024129e-01
7.127000000000938371e+02 4.418425688160023679e-01
7.128000000000938599e+02 4.418450961480023809e-01
7.129000000000938826e+02 4.418476155930023408e-01
7.130000000000939053e+02 4.418501271549955534e-01
7.131000000000939281e+02 4.418453705619955763e-01
7.132000000000939508e+02 4.418406119839954904e-01
7.133000000000939735e+02 4.418358514209955179e-01
7.134000000000939963e+02 4.418310888739955256e-01
7.135000000000940190e+02 4.418263243439960464e-01
7.136000000000940418e+02 4.418221047429963244e-01
7.137000000000940645e+02 4.418182347329965287e-01
7.138000000000940872e+02 4.418145324499965221e-01
7.139000000000941100e+02 4.418108295109963723e-01
7.140000000000941327e+02 4.418069710059476241e-01
7.141000000000941554e+02 4.417513242039471932e-01
7.142000000000941782e+02 4.416952355409466402e-01
7.143000000000942009e+02 4.416385907269460009e-01
7.144000000000942237e+02 4.415812889949453091e-01
7.145000000000942464e+02 4.415232430939445285e-01
7.146000000000942691e+02 4.414643792809437306e-01
7.147000000000942919e+02 4.414046373119428490e-01
7.148000000000943146e+02 4.413439704359418125e-01
7.149000000000943373e+02 4.412823453859409106e-01
7.150000000000943601e+02 4.412197423669398932e-01
7.151000000000943828e+02 4.411560543649389876e-01
7.152000000000944056e+02 4.410913892119380786e-01
7.153000000000944283e+02 4.410257674859370813e-01
7.154000000000944510e+02 4.409592232029363457e-01
7.155000000000944738e+02 4.408918038088485702e-01
7.156000000000944965e+02 4.407315209748478568e-01
7.157000000000945192e+02 4.405704885208472366e-01
7.158000000000945420e+02 4.404087945148464911e-01
7.159000000000945647e+02 4.402465403268461253e-01
7.160000000000945874e+02 4.400838406011912118e-01
7.161000000000946102e+02 4.392287489851911531e-01
7.162000000000946329e+02 4.383736048611912572e-01
7.163000000000946557e+02 4.375185625391905253e-01
7.164000000000946784e+02 4.366637884551909377e-01
7.165000000000947011e+02 4.358094610352328258e-01
7.166000000000947239e+02 4.339433895932330310e-01
7.167000000000947466e+02 4.320775325482331675e-01
7.168000000000947693e+02 4.302118898352312870e-01
7.169000000000947921e+02 4.283464613962315037e-01
7.170000000000948148e+02 4.264812471773757330e-01
7.171000000000948376e+02 4.247681531813754519e-01
7.172000000000948603e+02 4.230547654073751884e-01
7.173000000000948830e+02 4.213410838723729568e-01
7.174000000000949058e+02 4.196271085923726774e-01
7.175000000000949285e+02 4.179128395953337072e-01
7.176000000000949512e+02 4.172109245883335871e-01
7.177000000000949740e+02 4.165088832283334042e-01
7.178000000000949967e+02 4.158067155793325198e-01
7.179000000000950195e+02 4.151044217043324269e-01
7.180000000000950422e+02 4.144020016657405381e-01
7.181000000000950649e+02 4.130768862777408068e-01
7.182000000000950877e+02 4.117519958917409961e-01
7.183000000000951104e+02 4.104273305387397541e-01
7.184000000000951331e+02 4.091028902537399703e-01
7.185000000000951559e+02 4.077786750731782206e-01
7.186000000000951786e+02 4.069150598891784210e-01
7.187000000000952014e+02 4.060516970231786704e-01
7.188000000000952241e+02 4.051885302061778438e-01
7.189000000000952468e+02 4.043255077541778597e-01
7.190000000000952696e+02 4.034625825270982125e-01
7.191000000000952923e+02 4.035656445810981152e-01
7.192000000000953150e+02 4.036685770540979212e-01
7.193000000000953378e+02 4.037713449960977918e-01
7.194000000000953605e+02 4.038739175260976366e-01
7.195000000000953833e+02 4.039762678412727737e-01
7.196000000000954060e+02 4.042622547322724524e-01
7.197000000000954287e+02 4.045478790522721302e-01
7.198000000000954515e+02 4.048331811302721683e-01
7.199000000000954742e+02 4.051182014122719499e-01
7.200000000000954969e+02 4.054029804559060590e-01
7.201000000000955197e+02 4.063517592269059731e-01
7.202000000000955424e+02 4.073004965339059869e-01
7.203000000000955652e+02 4.082492326419071005e-01
7.204000000000955879e+02 4.091980081999072039e-01
7.205000000000956106e+02 4.101468642442277490e-01
7.206000000000956334e+02 4.124769032422281323e-01
7.207000000000956561e+02 4.148072968622285028e-01
7.208000000000956788e+02 4.171380881752315695e-01
7.209000000000957016e+02 4.194693211962320367e-01
7.210000000000957243e+02 4.218010408981026638e-01
7.211000000000957471e+02 4.239976033811027611e-01
7.212000000000957698e+02 4.261942812831029381e-01
7.213000000000957925e+02 4.283911221991055784e-01
7.214000000000958153e+02 4.305881746211058791e-01
7.215000000000958380e+02 4.327854879316944126e-01
7.216000000000958607e+02 4.335100210156946909e-01
7.217000000000958835e+02 4.342348648606949024e-01
7.218000000000959062e+02 4.349599327276958416e-01
7.219000000000959290e+02 4.356851372856959115e-01
7.220000000000959517e+02 4.364103906058497961e-01
7.221000000000959744e+02 4.362538645758496925e-01
7.222000000000959972e+02 4.360972214058495000e-01
7.223000000000960199e+02 4.359403724818490811e-01
7.224000000000960426e+02 4.357832293138486635e-01
7.225000000000960654e+02 4.356257035336093542e-01
7.226000000000960881e+02 4.341780715456087791e-01
7.227000000000961109e+02 4.327298618846082690e-01
7.228000000000961336e+02 4.312811224566061585e-01
7.229000000000961563e+02 4.298319005826057304e-01
7.230000000000961791e+02 4.283822429908262230e-01
7.231000000000962018e+02 4.261221325938265858e-01
7.232000000000962245e+02 4.238623628328269666e-01
7.233000000000962473e+02 4.216029793048248209e-01
7.234000000000962700e+02 4.193440266958252671e-01
7.235000000000962928e+02 4.170855487746868429e-01
7.236000000000963155e+02 4.167603563806866473e-01
7.237000000000963382e+02 4.164349433756866503e-01
7.238000000000963610e+02 4.161095242046864984e-01
7.239000000000963837e+02 4.157842999676867879e-01
7.240000000000964064e+02 4.154594584692031245e-01
7.241000000000964292e+02 4.156701229672037368e-01
7.242000000000964519e+02 4.158814586132045799e-01
7.243000000000964747e+02 4.160936167172057387e-01
7.244000000000964974e+02 4.163067361982067949e-01
7.245000000000965201e+02 4.165209435563856366e-01
7.246000000000965429e+02 4.169204643263866861e-01
7.247000000000965656e+02 4.173210790663877678e-01
7.248000000000965883e+02 4.177228077773892934e-01
7.249000000000966111e+02 4.181256535143903497e-01
7.250000000000966338e+02 4.185296023063470594e-01
7.251000000000966565e+02 4.188887547783480270e-01
7.252000000000966793e+02 4.192488522533488471e-01
7.253000000000967020e+02 4.196098288873499893e-01
7.254000000000967248e+02 4.199716015103506783e-01
7.255000000000967475e+02 4.203340695537075566e-01
7.256000000000967702e+02 4.210654206067082073e-01
7.257000000000967930e+02 4.217974458827087880e-01
7.258000000000968157e+02 4.225300651627100779e-01
7.259000000000968384e+02 4.232631847297104732e-01
7.260000000000968612e+02 4.239966972520470834e-01
7.261000000000968839e+02 4.240452777540472118e-01
7.262000000000969067e+02 4.240940041910472025e-01
7.263000000000969294e+02 4.241427277360470538e-01
7.264000000000969521e+02 4.241912865510467645e-01
7.265000000000969749e+02 4.242395057719569040e-01
7.266000000000969976e+02 4.241950613099568779e-01
7.267000000000970203e+02 4.241505943039568516e-01
7.268000000000970431e+02 4.241061047569567588e-01
7.269000000000970658e+02 4.240615926679567327e-01
7.270000000000970886e+02 4.240170580362344621e-01
7.271000000000971113e+02 4.232285295812343029e-01
7.272000000000971340e+02 4.224398375852341236e-01
7.273000000000971568e+02 4.216509820662330821e-01
7.274000000000971795e+02 4.208619630352328778e-01
7.275000000000972022e+02 4.200727805119499059e-01
7.276000000000972250e+02 4.200212848079499239e-01
7.277000000000972477e+02 4.199697687179499428e-01
7.278000000000972705e+02 4.199182322419497959e-01
7.279000000000972932e+02 4.198666753839498389e-01
7.280000000000973159e+02 4.198150981484278232e-01
7.281000000000973387e+02 4.212822978544277230e-01
7.282000000000973614e+02 4.227494330204276674e-01
7.283000000000973841e+02 4.242165036364293207e-01
7.284000000000974069e+02 4.256835096944292518e-01
7.285000000000974296e+02 4.271504511788107861e-01
7.286000000000974524e+02 4.269562066928104249e-01
7.287000000000974751e+02 4.267616297108102752e-01
7.288000000000974978e+02 4.265668964658100304e-01
7.289000000000975206e+02 4.263721698558102235e-01
7.290000000000975433e+02 4.261775994733336681e-01
7.291000000000975660e+02 4.265197062983341891e-01
7.292000000000975888e+02 4.268623097073347972e-01
7.293000000000976115e+02 4.272055215273358186e-01
7.294000000000976343e+02 4.275494408883366293e-01
7.295000000000976570e+02 4.278941541796980053e-01
7.296000000000976797e+02 4.286088892336988865e-01
7.297000000000977025e+02 4.293245577236999289e-01
7.298000000000977252e+02 4.300412683137018188e-01
7.299000000000977479e+02 4.307591128407030623e-01
7.300000000000977707e+02 4.314781661676963531e-01
7.301000000000977934e+02 4.311676098976974791e-01
7.302000000000978162e+02 4.308581730756985695e-01
7.303000000000978389e+02 4.305498709026993609e-01
7.304000000000978616e+02 4.302427010277004027e-01
7.305000000000978844e+02 4.299366436059728347e-01
7.306000000000979071e+02 4.299089015759738897e-01
7.307000000000979298e+02 4.298822595449748318e-01
7.308000000000979526e+02 4.298565882449756348e-01
7.309000000000979753e+02 4.298317453299763113e-01
7.310000000000979981e+02 4.298075753833315304e-01
7.311000000000980208e+02 4.301458685413319105e-01
7.312000000000980435e+02 4.304845673443321030e-01
7.313000000000980663e+02 4.308234775023325192e-01
7.314000000000980890e+02 4.311623909643322872e-01
7.315000000000981117e+02 4.315010858656945225e-01
7.316000000000981345e+02 4.322089728136946918e-01
7.317000000000981572e+02 4.329170001386947741e-01
7.318000000000981800e+02 4.336251235046956198e-01
7.319000000000982027e+02 4.343332982906956130e-01
7.320000000000982254e+02 4.350414795880135910e-01
7.321000000000982482e+02 4.360733751030134164e-01
7.322000000000982709e+02 4.371050716370131206e-01
7.323000000000982936e+02 4.381365227180140098e-01
7.324000000000983164e+02 4.391676814580137145e-01
7.325000000000983391e+02 4.401985005494674641e-01
7.326000000000983619e+02 4.406738616154671218e-01
7.327000000000983846e+02 4.411488895904668861e-01
7.328000000000984073e+02 4.416236731904673030e-01
7.329000000000984301e+02 4.420983015164672292e-01
7.330000000000984528e+02 4.425728640500088962e-01
7.331000000000984755e+02 4.425818783820089641e-01
7.332000000000984983e+02 4.425909813830091744e-01
7.333000000000985210e+02 4.426002631220094519e-01
7.334000000000985438e+02 4.426098136720097442e-01
7.335000000000985665e+02 4.426197231112844466e-01
7.336000000000985892e+02 4.429083241182852348e-01
7.337000000000986120e+02 4.431976964092857463e-01
7.338000000000986347e+02 4.434876136622864506e-01
7.339000000000986574e+02 4.437778625082865469e-01
7.340000000000986802e+02 4.440682425791486199e-01
7.341000000000987029e+02 4.442188223191483876e-01
7.342000000000987256e+02 4.443691820731480169e-01
7.343000000000987484e+02 4.445191611101476648e-01
7.344000000000987711e+02 4.446686120591469837e-01
7.345000000000987939e+02 4.448174009289633246e-01
7.346000000000988166e+02 4.447802363419623428e-01
7.347000000000988393e+02 4.447421365539613869e-01
7.348000000000988621e+02 4.447030091099601901e-01
7.349000000000988848e+02 4.446627751629590453e-01
7.350000000000989075e+02 4.446213694660913207e-01
7.351000000000989303e+02 4.447136739340901146e-01
7.352000000000989530e+02 4.448047365340888071e-01
7.353000000000989758e+02 4.448945316320876420e-01
7.354000000000989985e+02 4.449830471560863865e-01
7.355000000000990212e+02 4.450702846079017116e-01
7.356000000000990440e+02 4.449710088679007525e-01
7.357000000000990667e+02 4.448707592438998493e-01
7.358000000000990894e+02 4.447696539918991054e-01
7.359000000000991122e+02 4.446678293528984471e-01
7.360000000000991349e+02 4.445654395279496907e-01
7.361000000000991577e+02 4.445146844609494940e-01
7.362000000000991804e+02 4.444637031439494512e-01
7.363000000000992031e+02 4.444127035339495713e-01
7.364000000000992259e+02 4.443619115639500516e-01
7.365000000000992486e+02 4.443115711421346536e-01
7.366000000000992713e+02 4.444472849521347024e-01
7.367000000000992941e+02 4.445830142481347336e-01
7.368000000000993168e+02 4.447187590281349023e-01
7.369000000000993396e+02 4.448545192911348978e-01
7.370000000000993623e+02 4.449902950342735641e-01
7.371000000000993850e+02 4.452656239902735846e-01
7.372000000000994078e+02 4.455409481662735427e-01
7.373000000000994305e+02 4.458162675602738712e-01
7.374000000000994532e+02 4.460915821712738705e-01
7.375000000000994760e+02 4.463668919951816472e-01
7.376000000000994987e+02 4.465494942101816411e-01
7.377000000000995215e+02 4.467320928001816127e-01
7.378000000000995442e+02 4.469146877631818282e-01
7.379000000000995669e+02 4.470972790981818656e-01
7.380000000000995897e+02 4.472798668030021907e-01
7.381000000000996124e+02 4.472820345470021608e-01
7.382000000000996351e+02 4.472842009250021511e-01
7.383000000000996579e+02 4.472863659390021729e-01
7.384000000000996806e+02 4.472885295870021594e-01
7.385000000000997034e+02 4.472906918700945700e-01
7.386000000000997261e+02 4.473855559710945839e-01
7.387000000000997488e+02 4.474804196030945924e-01
7.388000000000997716e+02 4.475752827650947285e-01
7.389000000000997943e+02 4.476701454560946813e-01
7.390000000000998170e+02 4.477650076750397945e-01
7.391000000000998398e+02 4.478048558640397303e-01
7.392000000000998625e+02 4.478447009120397615e-01
7.393000000000998853e+02 4.478845428200398104e-01
7.394000000000999080e+02 4.479243815860398104e-01
7.395000000000999307e+02 4.479642172131325095e-01
7.396000000000999535e+02 4.480968041601324781e-01
7.397000000000999762e+02 4.482294044601324856e-01
7.398000000000999989e+02 4.483620181081326983e-01
7.399000000001000217e+02 4.484946451041326720e-01
7.400000000001000444e+02 4.486272854470954030e-01
7.401000000001000672e+02 4.487226913210954349e-01
7.402000000001000899e+02 4.488180966210953970e-01
7.403000000001001126e+02 4.489135013440955224e-01
7.404000000001001354e+02 4.490089054900955334e-01
7.405000000001001581e+02 4.491043090580955077e-01
7.406000000001001808e+02 4.491997120480955563e-01
7.407000000001002036e+02 4.492951144580955569e-01
7.408000000001002263e+02 4.493905162870956427e-01
7.409000000001002491e+02 4.494859175350956471e-01
7.410000000001002718e+02 4.495813182019922638e-01
7.411000000001002945e+02 4.495736081619922664e-01
7.412000000001003173e+02 4.495658969629922619e-01
7.413000000001003400e+02 4.495581846079922950e-01
7.414000000001003627e+02 4.495504710949922433e-01
7.415000000001003855e+02 4.495427564250853991e-01
7.416000000001004082e+02 4.496278238890853984e-01
7.417000000001004310e+02 4.497128870100853826e-01
7.418000000001004537e+02 4.497979457900854738e-01
7.419000000001004764e+02 4.498830002260854610e-01
7.420000000001004992e+02 4.499680503189770753e-01
7.421000000001005219e+02 4.499452157809770703e-01
7.422000000001005446e+02 4.499223810069770679e-01
7.423000000001005674e+02 4.498995459979769906e-01
7.424000000001005901e+02 4.498767107539770049e-01
7.425000000001006129e+02 4.498538752759770332e-01
7.426000000001006356e+02 4.498310395629770420e-01
7.427000000001006583e+02 4.498082036169770426e-01
7.428000000001006811e+02 4.497853674379770350e-01
7.429000000001007038e+02 4.497625310249770414e-01
7.430000000001007265e+02 4.497396943801439395e-01
7.431000000001007493e+02 4.498825864431439392e-01
7.432000000001007720e+02 4.500254977841439685e-01
7.433000000001007948e+02 4.501684284031441385e-01
7.434000000001008175e+02 4.503113782981441604e-01
7.435000000001008402e+02 4.504543474680506310e-01
7.436000000001008630e+02 4.505045440390506029e-01
7.437000000001008857e+02 4.505547392060506029e-01
7.438000000001009084e+02 4.506049329670506753e-01
7.439000000001009312e+02 4.506551253230506870e-01
7.440000000001009539e+02 4.507053162729952600e-01
7.441000000001009766e+02 4.507006420739952945e-01
7.442000000001009994e+02 4.506959665479952637e-01
7.443000000001010221e+02 4.506912896959952564e-01
7.444000000001010449e+02 4.506866115179952725e-01
7.445000000001010676e+02 4.506819320129952788e-01
7.446000000001010903e+02 4.506772511839952644e-01
7.447000000001011131e+02 4.506725690279952956e-01
7.448000000001011358e+02 4.506678855469952727e-01
7.449000000001011585e+02 4.506632007419952846e-01
7.450000000001011813e+02 4.506585146109938766e-01
7.451000000001012040e+02 4.506525002039938887e-01
7.452000000001012268e+02 4.506464845159938726e-01
7.453000000001012495e+02 4.506404675499938728e-01
7.454000000001012722e+02 4.506344493039938781e-01
7.455000000001012950e+02 4.506284297799938998e-01
7.456000000001013177e+02 4.506224089769939045e-01
7.457000000001013404e+02 4.506163868969939035e-01
7.458000000001013632e+02 4.506103635389939188e-01
7.459000000001013859e+02 4.506043389019939172e-01
7.460000000001014087e+02 4.505983129879787552e-01
7.461000000001014314e+02 4.505773247469787579e-01
7.462000000001014541e+02 4.505563362639787295e-01
7.463000000001014769e+02 4.505353475399787033e-01
7.464000000001014996e+02 4.505143585739787015e-01
7.465000000001015223e+02 4.504933693689786578e-01
7.466000000001015451e+02 4.504723799229786718e-01
7.467000000001015678e+02 4.504513902369786660e-01
7.468000000001015906e+02 4.504304003109786958e-01
7.469000000001016133e+02 4.504094101459786836e-01
7.470000000001016360e+02 4.503884197431082814e-01
7.471000000001016588e+02 4.504949970901083178e-01
7.472000000001016815e+02 4.506015785981082877e-01
7.473000000001017042e+02 4.507081642681084466e-01
7.474000000001017270e+02 4.508147540981084500e-01
7.475000000001017497e+02 4.509213480860140288e-01
7.476000000001017725e+02 4.509351612200140358e-01
7.477000000001017952e+02 4.509489728290140276e-01
7.478000000001018179e+02 4.509627829110140484e-01
7.479000000001018407e+02 4.509765914670140208e-01
7.480000000001018634e+02 4.509903984960154655e-01
7.481000000001018861e+02 4.510056028310154841e-01
7.482000000001019089e+02 4.510208005560155109e-01
7.483000000001019316e+02 4.510359916740154795e-01
7.484000000001019544e+02 4.510511761840154676e-01
7.485000000001019771e+02 4.510663540860154752e-01
7.486000000001019998e+02 4.510815253830154914e-01
7.487000000001020226e+02 4.510966900740154273e-01
7.488000000001020453e+02 4.511118481610154607e-01
7.489000000001020680e+02 4.511269996440154806e-01
7.490000000001020908e+02 4.511421445220070714e-01
7.491000000001021135e+02 4.511490611270070339e-01
7.492000000001021363e+02 4.511559761180070627e-01
7.493000000001021590e+02 4.511628894940070689e-01
7.494000000001021817e+02 4.511698012550070525e-01
7.495000000001022045e+02 4.511767114020070468e-01
7.496000000001022272e+02 4.511836199360070299e-01
7.497000000001022499e+02 4.511905268540070679e-01
7.498000000001022727e+02 4.511974321600070725e-01
7.499000000001022954e+02 4.512043358520070324e-01
7.500000000001023182e+02 4.512112379309882182e-01
7.501000000001023409e+02 4.511997285069882513e-01
7.502000000001023636e+02 4.511882178019882561e-01
7.503000000001023864e+02 4.511767058139882214e-01
7.504000000001024091e+02 4.511651925449882139e-01
7.505000000001024318e+02 4.511536779950832687e-01
7.506000000001024546e+02 4.512349897690832723e-01
7.507000000001024773e+02 4.513162955230832774e-01
7.508000000001025001e+02 4.513975952560833615e-01
7.509000000001025228e+02 4.514788889670833805e-01
7.510000000001025455e+02 4.515601766569963815e-01
7.511000000001025683e+02 4.515566718269963808e-01
7.512000000001025910e+02 4.515531652439964128e-01
7.513000000001026137e+02 4.515496569079963662e-01
7.514000000001026365e+02 4.515461468199963857e-01
7.515000000001026592e+02 4.515426349809963935e-01
7.516000000001026820e+02 4.515391213889963784e-01
7.517000000001027047e+02 4.515356060469963850e-01
7.518000000001027274e+02 4.515320889529964021e-01
7.519000000001027502e+02 4.515285701079964076e-01
7.520000000001027729e+02 4.515250495119902396e-01
7.521000000001027956e+02 4.515155648659902043e-01
7.522000000001028184e+02 4.515060787589902369e-01
7.523000000001028411e+02 4.514965911909902263e-01
7.524000000001028639e+02 4.514871021609902502e-01
7.525000000001028866e+02 4.514776116699902309e-01
7.526000000001029093e+02 4.514681197189902573e-01
7.527000000001029321e+02 4.514586263079902184e-01
7.528000000001029548e+02 4.514491314379902032e-01
7.529000000001029775e+02 4.514396351069902558e-01
7.530000000001030003e+02 4.514301373180693022e-01
7.531000000001030230e+02 4.514973864100692569e-01
7.532000000001030457e+02 4.515646247620692111e-01
7.533000000001030685e+02 4.516318523740693314e-01
7.534000000001030912e+02 4.516990692460692847e-01
7.535000000001031140e+02 4.517662753779730922e-01
7.536000000001031367e+02 4.517401513979726890e-01
7.537000000001031594e+02 4.517136675999725015e-01
7.538000000001031822e+02 4.516870100589724935e-01
7.539000000001032049e+02 4.516603510259726284e-01
7.540000000001032276e+02 4.516338489359689179e-01
7.541000000001032504e+02 4.516037511799693704e-01
7.542000000001032731e+02 4.515740865639699675e-01
7.543000000001032959e+02 4.515449720819705859e-01
7.544000000001033186e+02 4.515165109289713818e-01
7.545000000001033413e+02 4.514887924999722024e-01
7.546000000001033641e+02 4.514618921569731325e-01
7.547000000001033868e+02 4.514358718049740760e-01
7.548000000001034095e+02 4.514107795599749950e-01
7.549000000001034323e+02 4.513866497589760773e-01
7.550000000001034550e+02 4.513635029559663892e-01
7.551000000001034778e+02 4.513310304089674374e-01
7.552000000001035005e+02 4.512995413199684114e-01
7.553000000001035232e+02 4.512690148709693760e-01
7.554000000001035460e+02 4.512394164799702345e-01
7.555000000001035687e+02 4.512106978109710620e-01
7.556000000001035914e+02 4.511827970179718705e-01
7.557000000001036142e+02 4.511556381759725398e-01
7.558000000001036369e+02 4.511291316199730894e-01
7.559000000001036597e+02 4.511031739519735240e-01
7.560000000001036824e+02 4.510776480450202630e-01
7.561000000001037051e+02 4.510972132170204540e-01
7.562000000001037279e+02 4.511169340400204009e-01
7.563000000001037506e+02 4.511366522300202520e-01
7.564000000001037733e+02 4.511561957180199034e-01
7.565000000001037961e+02 4.511753786581155223e-01
7.566000000001038188e+02 4.512866490611155412e-01
7.567000000001038416e+02 4.513979255511155197e-01
7.568000000001038643e+02 4.515092080751156312e-01
7.569000000001038870e+02 4.516204965851156050e-01
7.570000000001039098e+02 4.517317910310041928e-01
7.571000000001039325e+02 4.517358644220041963e-01
7.572000000001039552e+02 4.517399359370042333e-01
7.573000000001039780e+02 4.517440055320042225e-01
7.574000000001040007e+02 4.517480731630041935e-01
7.575000000001040235e+02 4.517521387880042427e-01
7.576000000001040462e+02 4.517562023620042000e-01
7.577000000001040689e+02 4.517602641200041957e-01
7.578000000001040917e+02 4.517643240980042108e-01
7.579000000001041144e+02 4.517683823330042037e-01
7.580000000001041371e+02 4.517724388676654934e-01
7.581000000001041599e+02 4.514512079146653645e-01
7.582000000001041826e+02 4.511298941316653210e-01
7.583000000001042054e+02 4.508084975816648576e-01
7.584000000001042281e+02 4.504870183296647568e-01
7.585000000001042508e+02 4.501654564367015832e-01
7.586000000001042736e+02 4.460423447807010389e-01
7.587000000001042963e+02 4.419186594807001933e-01
7.588000000001043190e+02 4.377942104986945471e-01
7.589000000001043418e+02 4.336688278156934362e-01
7.590000000001043645e+02 4.295423607685681655e-01
7.591000000001043873e+02 4.128395412905681017e-01
7.592000000001044100e+02 3.961366283795679233e-01
7.593000000001044327e+02 3.794335718355487663e-01
7.594000000001044555e+02 3.627303498365486156e-01
7.595000000001044782e+02 3.460269663635039961e-01
7.596000000001045009e+02 3.216237737515041939e-01
7.597000000001045237e+02 2.972207665735044912e-01
7.598000000001045464e+02 2.728180585624772059e-01
7.599000000001045692e+02 2.484157814284778110e-01
7.600000000001045919e+02 2.240140811744164018e-01
7.601000000001046146e+02 2.110268283054160532e-01
7.602000000001046374e+02 1.980392578804158199e-01
7.603000000001046601e+02 1.850514633474009407e-01
7.604000000001046828e+02 1.720635410204008897e-01
7.605000000001047056e+02 1.590755881454543608e-01
7.606000000001047283e+02 1.604645855774540220e-01
7.607000000001047511e+02 1.618532759234537488e-01
7.608000000001047738e+02 1.632416846754550510e-01
7.609000000001047965e+02 1.646298434414548428e-01
7.610000000001048193e+02 1.660177902047873244e-01
7.611000000001048420e+02 1.791712365297846998e-01
7.612000000001048647e+02 1.923221650227821544e-01
7.613000000001048875e+02 2.054706342107945893e-01
7.614000000001049102e+02 2.186167277277922261e-01
7.615000000001049330e+02 2.317605563164708560e-01
7.616000000001049557e+02 2.455511302914682448e-01
7.617000000001049784e+02 2.593391905934656072e-01
7.618000000001050012e+02 2.731247374104786574e-01
7.619000000001050239e+02 2.869077709304759805e-01
7.620000000001050466e+02 3.006882912929544349e-01
7.621000000001050694e+02 2.987409536809544353e-01
7.622000000001050921e+02 2.967936333759544354e-01
7.623000000001051149e+02 2.948463304049522282e-01
7.624000000001051376e+02 2.928990447959522458e-01
7.625000000001051603e+02 2.909517765582032567e-01
7.626000000001051831e+02 2.835376238552033690e-01
7.627000000001052058e+02 2.761235414222034112e-01
7.628000000001052285e+02 2.687095293651950434e-01
7.629000000001052513e+02 2.612955877851951270e-01
7.630000000001052740e+02 2.538817168120808820e-01
7.631000000001052967e+02 2.539585264520808350e-01
7.632000000001053195e+02 2.540353247500808376e-01
7.633000000001053422e+02 2.541121117060809453e-01
7.634000000001053650e+02 2.541888873210808586e-01
7.635000000001053877e+02 2.542656516073759088e-01
7.636000000001054104e+02 2.584178108763753312e-01
7.637000000001054332e+02 2.625694500483747862e-01
7.638000000001054559e+02 2.667205691353789487e-01
7.639000000001054786e+02 2.708711681493783940e-01
7.640000000001055014e+02 2.750212471022590588e-01
7.641000000001055241e+02 2.800061079612585213e-01
7.642000000001055469e+02 2.849904143292579239e-01
7.643000000001055696e+02 2.899741662062630398e-01
7.644000000001055923e+02 2.949573635912624003e-01
7.645000000001056151e+02 2.999400064872395077e-01
7.646000000001056378e+02 3.058477843072388014e-01
7.647000000001056605e+02 3.117549049522381210e-01
7.648000000001056833e+02 3.176613684222441281e-01
7.649000000001057060e+02 3.235671747172434443e-01
7.650000000001057288e+02 3.294723238345826366e-01
7.651000000001057515e+02 3.347525017715828333e-01
7.652000000001057742e+02 3.400328325525829865e-01
7.653000000001057970e+02 3.453133160765891607e-01
7.654000000001058197e+02 3.505939522415892906e-01
7.655000000001058424e+02 3.558747409424138919e-01
7.656000000001058652e+02 3.600450034104140107e-01
7.657000000001058879e+02 3.642153856634141595e-01
7.658000000001059107e+02 3.683858876204190169e-01
7.659000000001059334e+02 3.725565092014191393e-01
7.660000000001059561e+02 3.767272503247712234e-01
7.661000000001059789e+02 3.802864681277702275e-01
7.662000000001060016e+02 3.838447266967691673e-01
7.663000000001060243e+02 3.874020261217722139e-01
7.664000000001060471e+02 3.909583664937711922e-01
7.665000000001060698e+02 3.945137479019663607e-01
7.666000000001060926e+02 3.982531463509653147e-01
7.667000000001061153e+02 4.019915366799642342e-01
7.668000000001061380e+02 4.057289189839674570e-01
7.669000000001061608e+02 4.094652933559663199e-01
7.670000000001061835e+02 4.132006598886246440e-01
7.671000000001062062e+02 4.156724251036242879e-01
7.672000000001062290e+02 4.181439014496239892e-01
7.673000000001062517e+02 4.206150889296265127e-01
7.674000000001062745e+02 4.230859875496261746e-01
7.675000000001062972e+02 4.255565973114471823e-01
7.676000000001063199e+02 4.269180401994470131e-01
7.677000000001063427e+02 4.282793227334468211e-01
7.678000000001063654e+02 4.296404449174482387e-01
7.679000000001063881e+02 4.310014067534480575e-01
7.680000000001064109e+02 4.323622082419977808e-01
7.681000000001064336e+02 4.332998330939978326e-01
7.682000000001064564e+02 4.342375119409978557e-01
7.683000000001064791e+02 4.351752447549989689e-01
7.684000000001065018e+02 4.361130315049990269e-01
7.685000000001065246e+02 4.370508721597030632e-01
7.686000000001065473e+02 4.377108361237025402e-01
7.687000000001065700e+02 4.383703690107023654e-01
7.688000000001065928e+02 4.390297096617031825e-01
7.689000000001066155e+02 4.396890804867033542e-01
7.690000000001066383e+02 4.403486873365482501e-01
7.691000000001066610e+02 4.408627837835487062e-01
7.692000000001066837e+02 4.413773441295493760e-01
7.693000000001067065e+02 4.418925230605507681e-01
7.694000000001067292e+02 4.424084579865517064e-01
7.695000000001067519e+02 4.429252689427499723e-01
7.696000000001067747e+02 4.436277879167510596e-01
7.697000000001067974e+02 4.443313410267522579e-01
7.698000000001068202e+02 4.450359970767542861e-01
7.699000000001068429e+02 4.457418071567555429e-01
7.700000000001068656e+02 4.464488044934713518e-01
7.701000000001068884e+02 4.468898439994726801e-01
7.702000000001069111e+02 4.473321388144739785e-01
7.703000000001069338e+02 4.477756654574757134e-01
7.704000000001069566e+02 4.482203821214769679e-01
7.705000000001069793e+02 4.486662285901820146e-01
7.706000000001070021e+02 4.488363660071831851e-01
7.707000000001070248e+02 4.490075933841841116e-01
7.708000000001070475e+02 4.491797316081851399e-01
7.709000000001070703e+02 4.493525876051857049e-01
7.710000000001070930e+02 4.495259543131083779e-01
7.711000000001071157e+02 4.496271378791084072e-01
7.712000000001071385e+02 4.497283879661082562e-01
7.713000000001071612e+02 4.498294554711078641e-01
7.714000000001071840e+02 4.499300773671071063e-01
7.715000000001072067e+02 4.500299766890070718e-01
7.716000000001072294e+02 4.500365473320067089e-01
7.717000000001072522e+02 4.500428236500063628e-01
7.718000000001072749e+02 4.500487896270060628e-01
7.719000000001072976e+02 4.500544338190057281e-01
7.720000000001073204e+02 4.500597493630360546e-01
7.721000000001073431e+02 4.500933478920357000e-01
7.722000000001073658e+02 4.501266153090353606e-01
7.723000000001073886e+02 4.501595584120350879e-01
7.724000000001074113e+02 4.501921885760347686e-01
7.725000000001074341e+02 4.502245217580344017e-01
7.726000000001074568e+02 4.502565784920342096e-01
7.727000000001074795e+02 4.502883839190339188e-01
7.728000000001075023e+02 4.503199677430337333e-01
7.729000000001075250e+02 4.503513642530335703e-01
7.730000000001075477e+02 4.503826123220837641e-01
7.731000000001075705e+02 4.504604883250837299e-01
7.732000000001075932e+02 4.505383050850836901e-01
7.733000000001076160e+02 4.506161152370838363e-01
7.734000000001076387e+02 4.506939760370839432e-01
7.735000000001076614e+02 4.507719493539852906e-01
7.736000000001076842e+02 4.507582910319856695e-01
7.737000000001077069e+02 4.507449900739858295e-01
7.738000000001077296e+02 4.507318609979858448e-01
7.739000000001077524e+02 4.507187320859856738e-01
7.740000000001077751e+02 4.507054453869994148e-01
7.741000000001077979e+02 4.507048686199988663e-01
7.742000000001078206e+02 4.507038588759983422e-01
7.743000000001078433e+02 4.507022994289975881e-01
7.744000000001078661e+02 4.507000872909968092e-01
7.745000000001078888e+02 4.506971332179959266e-01
7.746000000001079115e+02 4.506933617069949771e-01
7.747000000001079343e+02 4.506887109969939798e-01
7.748000000001079570e+02 4.506831330669929248e-01
7.749000000001079798e+02 4.506765936379918958e-01
7.750000000001080025e+02 4.506690721699753710e-01
7.751000000001080252e+02 4.506462534139742959e-01
7.752000000001080480e+02 4.506224539969732601e-01
7.753000000001080707e+02 4.505976946819722495e-01
7.754000000001080934e+02 4.505720099599713202e-01
7.755000000001081162e+02 4.505454480499704317e-01
7.756000000001081389e+02 4.505180708859695682e-01
7.757000000001081617e+02 4.504899541219689052e-01
7.758000000001081844e+02 4.504611871179682314e-01
7.759000000001082071e+02 4.504318729409678146e-01
7.760000000001082299e+02 4.504021283569767387e-01
7.761000000001082526e+02 4.503806406709765509e-01
7.762000000001082753e+02 4.503589958679765637e-01
7.763000000001082981e+02 4.503373517789767133e-01
7.764000000001083208e+02 4.503158799279771141e-01
7.765000000001083436e+02 4.502947655299777141e-01
7.766000000001083663e+02 4.502742074839777286e-01
7.767000000001083890e+02 4.502536486799777471e-01
7.768000000001084118e+02 4.502330891199776697e-01
7.769000000001084345e+02 4.502125288009776738e-01
7.770000000001084572e+02 4.501919677269641262e-01
7.771000000001084800e+02 4.501589019119641155e-01
7.772000000001085027e+02 4.501258372149641307e-01
7.773000000001085255e+02 4.500927736359640607e-01
7.774000000001085482e+02 4.500597111759641056e-01
7.775000000001085709e+02 4.500266498339640653e-01
7.776000000001085937e+02 4.499935896109640843e-01
7.777000000001086164e+02 4.499605305079640849e-01
7.778000000001086391e+02 4.499274725229641114e-01
7.779000000001086619e+02 4.498944156589640975e-01
7.780000000001086846e+02 4.498613599139718033e-01
7.781000000001087074e+02 4.498354329019718101e-01
7.782000000001087301e+02 4.498095059929718142e-01
7.783000000001087528e+02 4.497835791869718158e-01
7.784000000001087756e+02 4.497576524829717814e-01
7.785000000001087983e+02 4.497317258829717779e-01
7.786000000001088210e+02 4.497057993869718051e-01
7.787000000001088438e+02 4.496798729949718076e-01
7.788000000001088665e+02 4.496539467069717300e-01
7.789000000001088893e+02 4.496280205229717386e-01
7.790000000001089120e+02 4.496020944450846435e-01
7.791000000001089347e+02 4.496798012150846069e-01
7.792000000001089575e+02 4.497575005640845891e-01
7.793000000001089802e+02 4.498351924910847233e-01
7.794000000001090029e+02 4.499128769950846984e-01
7.795000000001090257e+02 4.499905540759842615e-01
7.796000000001090484e+02 4.499761098919842217e-01
7.797000000001090712e+02 4.499616641989842569e-01
7.798000000001090939e+02 4.499472169959842227e-01
7.799000000001091166e+02 4.499327682839842080e-01
7.800000000001091394e+02 4.499183180629292012e-01
7.801000000001091621e+02 4.498534924549292824e-01
7.802000000001091848e+02 4.497886720709292629e-01
7.803000000001092076e+02 4.497238569129291541e-01
7.804000000001092303e+02 4.496590469809292334e-01
7.805000000001092531e+02 4.495942422749292233e-01
7.806000000001092758e+02 4.495294427949292349e-01
7.807000000001092985e+02 4.494646485419292459e-01
7.808000000001093213e+02 4.493998595139291896e-01
7.809000000001093440e+02 4.493350757129291884e-01
7.810000000001093667e+02 4.492702971390040156e-01
7.811000000001093895e+02 4.492739754360040028e-01
7.812000000001094122e+02 4.492776497320040141e-01
7.813000000001094349e+02 4.492813200250039829e-01
7.814000000001094577e+02 4.492849863180040093e-01
7.815000000001094804e+02 4.492886486090039710e-01
7.816000000001095032e+02 4.492923069000039904e-01
7.817000000001095259e+02 4.492959611910040119e-01
7.818000000001095486e+02 4.492996114830040133e-01
7.819000000001095714e+02 4.493032577750040168e-01
7.820000000001095941e+02 4.493069000689672299e-01
7.821000000001096168e+02 4.492770330669672574e-01
7.822000000001096396e+02 4.492471664339672266e-01
7.823000000001096623e+02 4.492173001719672598e-01
7.824000000001096851e+02 4.491874342799672681e-01
7.825000000001097078e+02 4.491575687589672294e-01
7.826000000001097305e+02 4.491277036079672214e-01
7.827000000001097533e+02 4.490978388299672330e-01
7.828000000001097760e+02 4.490679744219672198e-01
7.829000000001097987e+02 4.490381103869671708e-01
7.830000000001098215e+02 4.490082467249680298e-01
7.831000000001098442e+02 4.489791333299680276e-01
7.832000000001098670e+02 4.489500204739680367e-01
7.833000000001098897e+02 4.489209081559679682e-01
7.834000000001099124e+02 4.488917963759679886e-01
7.835000000001099352e+02 4.488626851339679869e-01
7.836000000001099579e+02 4.488335744319679743e-01
7.837000000001099806e+02 4.488044642679680507e-01
7.838000000001100034e+02 4.487753546439679497e-01
7.839000000001100261e+02 4.487462455599679489e-01
7.840000000001100489e+02 4.487171370159501183e-01
7.841000000001100716e+02 4.486717649949500952e-01
7.842000000001100943e+02 4.486263953409501126e-01
7.843000000001101171e+02 4.485810280499500369e-01
7.844000000001101398e+02 4.485356631259500571e-01
7.845000000001101625e+02 4.484903005659500175e-01
7.846000000001101853e+02 4.484449403729500183e-01
7.847000000001102080e+02 4.483995825449500483e-01
7.848000000001102308e+02 4.483542270839500077e-01
7.849000000001102535e+02 4.483088739889499741e-01
7.850000000001102762e+02 4.482635232609996079e-01
7.851000000001102990e+02 4.482631633699996065e-01
7.852000000001103217e+02 4.482627995499995910e-01
7.853000000001103444e+02 4.482624318049995837e-01
7.854000000001103672e+02 4.482620601329996290e-01
7.855000000001103899e+02 4.482616845359995716e-01
7.856000000001104127e+02 4.482613050129995447e-01
7.857000000001104354e+02 4.482609215669995373e-01
7.858000000001104581e+02 4.482605341949995603e-01
7.859000000001104809e+02 4.482601429009995808e-01
7.860000000001105036e+02 4.482597476838575123e-01
7.861000000001105263e+02 4.481308043208575564e-01
7.862000000001105491e+02 4.480018777438575794e-01
7.863000000001105718e+02 4.478729679518574369e-01
7.864000000001105946e+02 4.477440749438574286e-01
7.865000000001106173e+02 4.476151987199589177e-01
7.866000000001106400e+02 4.475780560939588981e-01
7.867000000001106628e+02 4.475409150289589300e-01
7.868000000001106855e+02 4.475037755239588688e-01
7.869000000001107082e+02 4.474666375799588591e-01
7.870000000001107310e+02 4.474295011978837722e-01
7.871000000001107537e+02 4.473245400028837415e-01
7.872000000001107765e+02 4.472195828488837455e-01
7.873000000001107992e+02 4.471146297368836509e-01
7.874000000001108219e+02 4.470096806688836355e-01
7.875000000001108447e+02 4.469047356449852848e-01
7.876000000001108674e+02 4.468914647109852867e-01
7.877000000001108901e+02 4.468781923789852950e-01
7.878000000001109129e+02 4.468649186499852877e-01
7.879000000001109356e+02 4.468516435229852868e-01
7.880000000001109584e+02 4.468383669978489570e-01
7.881000000001109811e+02 4.467022627798490353e-01
7.882000000001110038e+02 4.465661793568490023e-01
7.883000000001110266e+02 4.464301167258489245e-01
7.884000000001110493e+02 4.462940748858488793e-01
7.885000000001110720e+02 4.461580538367472260e-01
7.886000000001110948e+02 4.459304491287472416e-01
7.887000000001111175e+02 4.457028834397472328e-01
7.888000000001111403e+02 4.454753567667470993e-01
7.889000000001111630e+02 4.452478691057470961e-01
7.890000000001111857e+02 4.450204204557441923e-01
7.891000000001112085e+02 4.447903507887442376e-01
7.892000000001112312e+02 4.445603229477443352e-01
7.893000000001112539e+02 4.443303369297441074e-01
7.894000000001112767e+02 4.441003927297441090e-01
7.895000000001112994e+02 4.438704903459478879e-01
7.896000000001113222e+02 4.438236498329478641e-01
7.897000000001113449e+02 4.437768124999478814e-01
7.898000000001113676e+02 4.437299783449478174e-01
7.899000000001113904e+02 4.436831473689478167e-01
7.900000000001114131e+02 4.436363195719402741e-01
7.901000000001114358e+02 4.435826994109402510e-01
7.902000000001114586e+02 4.435290777749402724e-01
7.903000000001114813e+02 4.434754546629401939e-01
7.904000000001115041e+02 4.434218300779402266e-01
7.905000000001115268e+02 4.433682040209402375e-01
7.906000000001115495e+02 4.433145764929402044e-01
7.907000000001115723e+02 4.432609474949402162e-01
7.908000000001115950e+02 4.432073170279400842e-01
7.909000000001116177e+02 4.431536850939400973e-01
7.910000000001116405e+02 4.431000516941968614e-01
7.911000000001116632e+02 4.432763839111968363e-01
7.912000000001116859e+02 4.434527078931968513e-01
7.913000000001117087e+02 4.436290236361969952e-01
7.914000000001117314e+02 4.438053311361970232e-01
7.915000000001117542e+02 4.439816303909928652e-01
7.916000000001117769e+02 4.439752155469928185e-01
7.917000000001117996e+02 4.439687977339928371e-01
7.918000000001118224e+02 4.439623769509928319e-01
7.919000000001118451e+02 4.439559531999927589e-01
7.920000000001118678e+02 4.439495264798374308e-01
7.921000000001118906e+02 4.438041612048373996e-01
7.922000000001119133e+02 4.436588220458374532e-01
7.923000000001119361e+02 4.435135089978373135e-01
7.924000000001119588e+02 4.433682220608373692e-01
7.925000000001119815e+02 4.432229612320418011e-01
7.926000000001120043e+02 4.432602884060418136e-01
7.927000000001120270e+02 4.432975972350417515e-01
7.928000000001120497e+02 4.433348877210417927e-01
7.929000000001120725e+02 4.433721598660417262e-01
7.930000000001120952e+02 4.434094136742939840e-01
7.931000000001121180e+02 4.436716735492939878e-01
7.932000000001121407e+02 4.439339170952939506e-01
7.933000000001121634e+02 4.441961443112942276e-01
7.934000000001121862e+02 4.444583551912942299e-01
7.935000000001122089e+02 4.447205497332942237e-01
7.936000000001122316e+02 4.449827279332941310e-01
7.937000000001122544e+02 4.452448897872941513e-01
7.938000000001122771e+02 4.455070352922944066e-01
7.939000000001122999e+02 4.457691644432944522e-01
7.940000000001123226e+02 4.460312772369538492e-01
7.941000000001123453e+02 4.459901985429538529e-01
7.942000000001123681e+02 4.459491217739538493e-01
7.943000000001123908e+02 4.459080469289538051e-01
7.944000000001124135e+02 4.458669740089538092e-01
7.945000000001124363e+02 4.458259030138513324e-01
7.946000000001124590e+02 4.456936714008513656e-01
7.947000000001124818e+02 4.455614585118513604e-01
7.948000000001125045e+02 4.454292643428512388e-01
7.949000000001125272e+02 4.452970888938512228e-01
7.950000000001125500e+02 4.451649321647577207e-01
7.951000000001125727e+02 4.449496289147576999e-01
7.952000000001125954e+02 4.447343538197577328e-01
7.953000000001126182e+02 4.445191068777575305e-01
7.954000000001126409e+02 4.443038880887575925e-01
7.955000000001126637e+02 4.440886974504497098e-01
7.956000000001126864e+02 4.436002699104497626e-01
7.957000000001127091e+02 4.431119111154498968e-01
7.958000000001127319e+02 4.426236210634493795e-01
7.959000000001127546e+02 4.421353997514494982e-01
7.960000000001127773e+02 4.416472471767146080e-01
7.961000000001128001e+02 4.413942058097146681e-01
7.962000000001128228e+02 4.411412276297148050e-01
7.963000000001128456e+02 4.408883126297145627e-01
7.964000000001128683e+02 4.406354608057146405e-01
7.965000000001128910e+02 4.403826721533308786e-01
7.966000000001129138e+02 4.406757878553307917e-01
7.967000000001129365e+02 4.409687912433306045e-01
7.968000000001129592e+02 4.412616823303308622e-01
7.969000000001129820e+02 4.415544611293307220e-01
7.970000000001130047e+02 4.418471276492659805e-01
7.971000000001130275e+02 4.420824976712659504e-01
7.972000000001130502e+02 4.423178233032659112e-01
7.973000000001130729e+02 4.425531045482661296e-01
7.974000000001130957e+02 4.427883414102660731e-01
7.975000000001131184e+02 4.430235338920603949e-01
7.976000000001131411e+02 4.430769441210604120e-01
7.977000000001131639e+02 4.431303407120604221e-01
7.978000000001131866e+02 4.431837236640604472e-01
7.979000000001132094e+02 4.432370929800604209e-01
7.980000000001132321e+02 4.432904486609948735e-01
7.981000000001132548e+02 4.432859364719948791e-01
7.982000000001132776e+02 4.432814219599948702e-01
7.983000000001133003e+02 4.432769051279948913e-01
7.984000000001133230e+02 4.432723859729948979e-01
7.985000000001133458e+02 4.432678644969949011e-01
7.986000000001133685e+02 4.432633407009948789e-01
7.987000000001133913e+02 4.432588145839949090e-01
7.988000000001134140e+02 4.432542861459948247e-01
7.989000000001134367e+02 4.432497553889948594e-01
7.990000000001134595e+02 4.432452223129710878e-01
7.991000000001134822e+02 4.432197085409710913e-01
7.992000000001135049e+02 4.431941950379710837e-01
7.993000000001135277e+02 4.431686818039710096e-01
7.994000000001135504e+02 4.431431688409710468e-01
7.995000000001135732e+02 4.431176561477648268e-01
7.996000000001135959e+02 4.429105485837647738e-01
7.997000000001136186e+02 4.427034622037648304e-01
7.998000000001136414e+02 4.424963970047646189e-01
7.999000000001136641e+02 4.422893529877646168e-01
8.000000000001136868e+02 4.420823301537191163e-01
8.001000000001137096e+02 4.418352358007191505e-01
8.002000000001137323e+02 4.415881989047192313e-01
8.003000000001137550e+02 4.413412194637190145e-01
8.004000000001137778e+02 4.410942974707190434e-01
8.005000000001138005e+02 4.408474329239255862e-01
8.006000000001138233e+02 4.407820175939255458e-01
8.007000000001138460e+02 4.407166058649255591e-01
8.008000000001138687e+02 4.406511977349255038e-01
8.009000000001138915e+02 4.405857932069254801e-01
8.010000000001139142e+02 4.405203922789976967e-01
8.011000000001139369e+02 4.405183895729977150e-01
8.012000000001139597e+02 4.405163861719977314e-01
8.013000000001139824e+02 4.405143820759977458e-01
8.014000000001140052e+02 4.405123772849977026e-01
8.015000000001140279e+02 4.405103717991010748e-01
8.016000000001140506e+02 4.405990052001010904e-01
8.017000000001140734e+02 4.406876370811010912e-01
8.018000000001140961e+02 4.407762674411011550e-01
8.019000000001141188e+02 4.408648962811011485e-01
8.020000000001141416e+02 4.409535235989789359e-01
8.021000000001141643e+02 4.409350962059789825e-01
8.022000000001141871e+02 4.409166687109789540e-01
8.023000000001142098e+02 4.408982411129789836e-01
8.024000000001142325e+02 4.408798134119789602e-01
8.025000000001142553e+02 4.408613856089789729e-01
8.026000000001142780e+02 4.408429577039789660e-01
8.027000000001143007e+02 4.408245296969789395e-01
8.028000000001143235e+02 4.408061015889789269e-01
8.029000000001143462e+02 4.407876733779789169e-01
8.030000000001143690e+02 4.407692450671178985e-01
8.031000000001143917e+02 4.408723551521179229e-01
8.032000000001144144e+02 4.409754690161179491e-01
8.033000000001144372e+02 4.410785866571180769e-01
8.034000000001144599e+02 4.411817080751180842e-01
8.035000000001144826e+02 4.412848332690142983e-01
8.036000000001145054e+02 4.412973467667735128e-01
8.037000000001145281e+02 4.410994887347734483e-01
8.038000000001145509e+02 4.409016174099963381e-01
8.039000000001145736e+02 4.400258349429962967e-01
8.040000000001145963e+02 4.391500007649353221e-01
8.041000000001146191e+02 4.382208917689354721e-01
8.042000000001146418e+02 4.372919460809356340e-01
8.043000000001146645e+02 4.363631637149347764e-01
8.044000000001146873e+02 4.354345446839617551e-01
8.045000000001147100e+02 4.345294545691661958e-01
8.046000000001147328e+02 4.338026033461387376e-01
8.047000000001147555e+02 4.330517876031380609e-01
8.048000000001147782e+02 4.323003731211365053e-01
8.049000000001148010e+02 4.315483601151358095e-01
8.050000000001148237e+02 4.307957487991702084e-01
8.051000000001148464e+02 4.300731027871694256e-01
8.052000000001148692e+02 4.293497590701685906e-01
8.053000000001148919e+02 4.286257176991670192e-01
8.054000000001149147e+02 4.279009787261931486e-01
8.055000000001149374e+02 4.271989901939919898e-01
8.056000000001149601e+02 4.263219574909650755e-01
8.057000000001149829e+02 4.254215159009651082e-01
8.058000000001150056e+02 4.245211134199641245e-01
8.059000000001150283e+02 4.236207500509641677e-01
8.060000000001150511e+02 4.227204257969576773e-01
8.061000000001150738e+02 4.218144602249577213e-01
8.062000000001150966e+02 4.209085580279848249e-01
8.063000000001151193e+02 4.200261620919838457e-01
8.064000000001151420e+02 4.191438278619569191e-01
8.065000000001151648e+02 4.182381141259570168e-01
8.066000000001151875e+02 4.173324637689570515e-01
8.067000000001152102e+02 4.164268767939571791e-01
8.068000000001152330e+02 4.155213532019562117e-01
8.069000000001152557e+02 4.146158929919562808e-01
8.070000000001152785e+02 4.137104961679481385e-01
8.071000000001153012e+02 4.127980303949483343e-01
8.072000000001153239e+02 4.118857544621652989e-01
8.073000000001153467e+02 4.102942181521638809e-01
8.074000000001153694e+02 4.087030208358939376e-01
8.075000000001153921e+02 4.068779207698944300e-01
8.076000000001154149e+02 4.050532111409219094e-01
8.077000000001154376e+02 4.032523109849223131e-01
8.078000000001154604e+02 4.014517961348936792e-01
8.079000000001154831e+02 3.996282527068941159e-01
8.080000000001155058e+02 3.978050997388181131e-01
8.081000000001155286e+02 3.959161297818192815e-01
8.082000000001155513e+02 3.940281573808474547e-01
8.083000000001155740e+02 3.921645742398464640e-01
8.084000000001155968e+02 3.903019753698205863e-01
8.085000000001156195e+02 3.884169817178217410e-01
8.086000000001156423e+02 3.865329849878498814e-01
8.087000000001156650e+02 3.846733509538510787e-01
8.088000000001156877e+02 3.828147005628230182e-01
8.089000000001157105e+02 3.809336806858241720e-01
8.090000000001157332e+02 3.790536570969017527e-01
8.091000000001157559e+02 3.772406359799024278e-01
8.092000000001157787e+02 3.754281835228760467e-01
8.093000000001158014e+02 3.735929648488746646e-01
8.094000000001158242e+02 3.717583227139023005e-01
8.095000000001158469e+02 3.699475845159905241e-01
8.096000000001158696e+02 3.682129462389632790e-01
8.097000000001158924e+02 3.664548362329631548e-01
8.098000000001159151e+02 3.646965818059880182e-01
8.099000000001159378e+02 3.629615140449878319e-01
8.100000000001159606e+02 3.612263037769490315e-01
8.101000000001159833e+02 3.594576245459489838e-01
8.102000000001160060e+02 3.576888998029760236e-01
8.103000000001160288e+02 3.559434624609739695e-01
8.104000000001160515e+02 3.541979802149468060e-01
8.105000000001160743e+02 3.524291195767798035e-01
8.106000000001160970e+02 3.505163528618084889e-01
8.107000000001161197e+02 3.486283070658101058e-01
8.108000000001161425e+02 3.467416487577825168e-01
8.109000000001161652e+02 3.448330816167841095e-01
8.110000000001161879e+02 3.429259206466865328e-01
8.111000000001162107e+02 3.409347523216894604e-01
8.112000000001162334e+02 3.389461294376654443e-01
8.113000000001162562e+02 3.369368143436661245e-01
8.114000000001162789e+02 3.349300768136961315e-01
8.115000000001163016e+02 3.329491198577784750e-01
8.116000000001163244e+02 3.310389894467536398e-01
8.117000000001163471e+02 3.291074902607558084e-01
8.118000000001163698e+02 3.271778255297826399e-01
8.119000000001163926e+02 3.252731508947847572e-01
8.120000000001164153e+02 3.233702860928889811e-01
8.121000000001164381e+02 3.215569138448896580e-01
8.122000000001164608e+02 3.197441315369172754e-01
8.123000000001164835e+02 3.179550716729158677e-01
8.124000000001165063e+02 3.161665940878896075e-01
8.125000000001165290e+02 3.143555742873629377e-01
8.126000000001165517e+02 3.120925556123963496e-01
8.127000000001165745e+02 3.098582324604028382e-01
8.128000000001165972e+02 3.076294808983800477e-01
8.129000000001166200e+02 3.053833266063866181e-01
8.130000000001166427e+02 3.031428200258488581e-01
8.131000000001166654e+02 3.004412937248618909e-01
8.132000000001166882e+02 2.977509484349014079e-01
8.133000000001167109e+02 2.950945012819112812e-01
8.134000000001167336e+02 2.924490859808978049e-01
8.135000000001167564e+02 2.897921278865521755e-01
8.136000000001167791e+02 2.876956144945838068e-01
8.137000000001168019e+02 2.856261889995890813e-01
8.138000000001168246e+02 2.835612777495657988e-01
8.139000000001168473e+02 2.814784264755710863e-01
8.140000000001168701e+02 2.794001478098402935e-01
8.141000000001168928e+02 2.775521706268426203e-01
8.142000000001169155e+02 2.757061913818187882e-01
8.143000000001169383e+02 2.738398268398190005e-01
8.144000000001169610e+02 2.719754876268475341e-01
8.145000000001169838e+02 2.701355306793796762e-01
8.146000000001170065e+02 2.678955858213618035e-01
8.147000000001170292e+02 2.656403659563700281e-01
8.148000000001170520e+02 2.633922286544017610e-01
8.149000000001170747e+02 2.611733438534099006e-01
8.150000000001170974e+02 2.589614495952956563e-01
8.151000000001171202e+02 2.566519632423053809e-01
8.152000000001171429e+02 2.543507646113408183e-01
8.153000000001171657e+02 2.520798122613477910e-01
8.154000000001171884e+02 2.498170365893317424e-01
8.155000000001172111e+02 2.475405839904045169e-01
8.156000000001172339e+02 2.453262126314388614e-01
8.157000000001172566e+02 2.431411415304475798e-01
8.158000000001172793e+02 2.409635172194284358e-01
8.159000000001173021e+02 2.387716829974372845e-01
8.160000000001173248e+02 2.365873911827112153e-01
8.161000000001173476e+02 2.346365899527166343e-01
8.162000000001173703e+02 2.326903915036967752e-01
8.163000000001173930e+02 2.307272798377000278e-01
8.164000000001174158e+02 2.287688297637306967e-01
8.165000000001174385e+02 2.268364946339141985e-01
8.166000000001174612e+02 2.259119197198772300e-01
8.167000000001174840e+02 2.249558677738654755e-01
8.168000000001175067e+02 2.239897955388781281e-01
8.169000000001175295e+02 2.230354205068664775e-01
8.170000000001175522e+02 2.220711603610629747e-01
8.171000000001175749e+02 2.204233591890628341e-01
8.172000000001175977e+02 2.187754451690883117e-01
8.173000000001176204e+02 2.171492007510863465e-01
8.174000000001176431e+02 2.155228449770605903e-01
8.175000000001176659e+02 2.138745939220746961e-01
8.176000000001176886e+02 2.113884949271153391e-01
8.177000000001177114e+02 2.089369108201303005e-01
8.178000000001177341e+02 2.064980589991172732e-01
8.179000000001177568e+02 2.040504979031324551e-01
8.180000000001177796e+02 2.016158422958134189e-01
8.181000000001178023e+02 2.006083802748015732e-01
8.182000000001178250e+02 1.995908575148151176e-01
8.183000000001178478e+02 1.985848304878022608e-01
8.184000000001178705e+02 1.975688774317649887e-01
8.185000000001178933e+02 1.965213136426013363e-01
8.186000000001179160e+02 1.953349316306177419e-01
8.187000000001179387e+02 1.941624777026086102e-01
8.188000000001179615e+02 1.929822668095722837e-01
8.189000000001179842e+02 1.917724083855630035e-01
8.190000000001180069e+02 1.905546927831050785e-01
8.191000000001180297e+02 1.889489087891042252e-01
8.192000000001180524e+02 1.873424279460774999e-01
8.193000000001180751e+02 1.857132931560748212e-01
8.194000000001180979e+02 1.840834522720999344e-01
8.195000000001181206e+02 1.824748717100526663e-01
8.196000000001181434e+02 1.808262843090267524e-01
8.197000000001181661e+02 1.791557507890267631e-01
8.198000000001181888e+02 1.774852375520508674e-01
8.199000000001182116e+02 1.758367104640508882e-01
8.200000000001182343e+02 1.741882034030963478e-01
8.201000000001182570e+02 1.734239081540756844e-01
8.202000000001182798e+02 1.726421475470814315e-01
8.203000000001183025e+02 1.718652315450601431e-01
8.204000000001183253e+02 1.710710776970130742e-01
8.205000000001183480e+02 1.702371425237388380e-01
8.206000000001183707e+02 1.691715044517501931e-01
8.207000000001183935e+02 1.681154522197348400e-01
8.208000000001184162e+02 1.670464427206911628e-01
8.209000000001184389e+02 1.659415863496756238e-01
8.210000000001184617e+02 1.648235972118700654e-01
8.211000000001184844e+02 1.630256110368719646e-01
8.212000000001185072e+02 1.612292119238466770e-01
8.213000000001185299e+02 1.594114561968464905e-01
8.214000000001185526e+02 1.575953082658755888e-01
8.215000000001185754e+02 1.558036903725349143e-01
8.216000000001185981e+02 1.537247628585174108e-01
8.217000000001186208e+02 1.516310774565270969e-01
8.218000000001186436e+02 1.495455555675613557e-01
8.219000000001186663e+02 1.474909045445709221e-01
8.220000000001186891e+02 1.454443079875318845e-01
8.221000000001187118e+02 1.425222853245657617e-01
8.222000000001187345e+02 1.396288296686259145e-01
8.223000000001187573e+02 1.367860351636561722e-01
8.224000000001187800e+02 1.339714429826639186e-01
8.225000000001188027e+02 1.311633513792577477e-01
8.226000000001188255e+02 1.280133794483280796e-01
8.227000000001188482e+02 1.249225956513725921e-01
8.228000000001188710e+02 1.218693004643890965e-01
8.229000000001188937e+02 1.188328003784343001e-01
8.230000000001189164e+02 1.158343102638744321e-01
8.231000000001189392e+02 1.148877821888546757e-01
8.232000000001189619e+02 1.139246554258596666e-01
8.233000000001189846e+02 1.129657099708390733e-01
8.234000000001190074e+02 1.119903888377945939e-01
8.235000000001190301e+02 1.109777001306339050e-01
8.236000000001190529e+02 1.106701314666145852e-01
8.237000000001190756e+02 1.103463325255702732e-01
8.238000000001190983e+02 1.099853148684993426e-01
8.239000000001191211e+02 1.095651013334544288e-01
8.240000000001191438e+02 1.091071872695640738e-01
8.241000000001191665e+02 1.079019850355470017e-01
8.242000000001191893e+02 1.066824451665030898e-01
8.243000000001192120e+02 1.054260501664843197e-01
8.244000000001192348e+02 1.041551259374940835e-01
8.245000000001192575e+02 1.028923808270962997e-01
8.246000000001192802e+02 1.012960869850648704e-01
8.247000000001193030e+02 9.967344075446052387e-02
8.248000000001193257e+02 9.804715062928154312e-02
8.249000000001193484e+02 9.644002101707725705e-02
8.250000000001193712e+02 9.482929538132002512e-02
8.251000000001193939e+02 9.300307545262405384e-02
8.252000000001194167e+02 9.118024434445529125e-02
8.253000000001194394e+02 8.938356406535724608e-02
8.254000000001194621e+02 8.759022927903409306e-02
8.255000000001194849e+02 8.577752419473815004e-02
8.256000000001195076e+02 8.396821082096929401e-02
8.257000000001195303e+02 8.218496159517328647e-02
8.258000000001195531e+02 8.040506072634820423e-02
8.259000000001195758e+02 7.860588202005226732e-02
8.260000000001195986e+02 7.681009791479716242e-02
8.261000000001196213e+02 7.530269370678700780e-02
8.262000000001196440e+02 7.378679311684960274e-02
8.263000000001196668e+02 7.223962289473755127e-02
8.264000000001196895e+02 7.068384501555463606e-02
8.265000000001197122e+02 6.914234763510966608e-02
8.266000000001197350e+02 6.747975049427894223e-02
8.267000000001197577e+02 6.579147887767558545e-02
8.268000000001197805e+02 6.410042033239785053e-02
8.269000000001198032e+02 6.242953564349455059e-02
8.270000000001198259e+02 6.075590125394872421e-02
8.271000000001198487e+02 5.871020485867001204e-02
8.272000000001198714e+02 5.668227196451840200e-02
8.273000000001198941e+02 5.469472741553715878e-02
8.274000000001199169e+02 5.272470470333131404e-02
8.275000000001199396e+02 5.074980334347801991e-02
8.276000000001199624e+02 4.889721879211726685e-02
8.277000000001199851e+02 4.707736025962964976e-02
8.278000000001200078e+02 4.526782904551343578e-02
8.279000000001200306e+02 4.344650121872599413e-02
8.280000000001200533e+02 4.163563305339430809e-02
8.281000000001200760e+02 4.088122350329020244e-02
8.282000000001200988e+02 4.012339537568609948e-02
8.283000000001201215e+02 3.936214768688112153e-02
8.284000000001201443e+02 3.859747945350378018e-02
8.285000000001201670e+02 3.785166848431392728e-02
8.286000000001201897e+02 3.703108286028695267e-02
8.287000000001202125e+02 3.618804783428674482e-02
8.288000000001202352e+02 3.534484220298558105e-02
8.289000000001202579e+02 3.450146597028537487e-02
8.290000000001202807e+02 3.365791914041163513e-02
8.291000000001203034e+02 3.283620482371005234e-02
8.292000000001203261e+02 3.201317918703535520e-02
8.293000000001203489e+02 3.121118418563290434e-02
8.294000000001203716e+02 3.040791298300443007e-02
8.295000000001203944e+02 2.958099000904714990e-02
8.296000000001204171e+02 2.878954897494294396e-02
8.297000000001204398e+02 2.799461464563873792e-02
8.298000000001204626e+02 2.719618796163362356e-02
8.299000000001204853e+02 2.639426986342941969e-02
8.300000000001205080e+02 2.558886129150888394e-02
8.301000000001205308e+02 2.476641316750775174e-02
8.302000000001205535e+02 2.394302604867933407e-02
8.303000000001205763e+02 2.309605644237720801e-02
8.304000000001205990e+02 2.224812176927604135e-02
8.305000000001206217e+02 2.139922172121143037e-02
8.306000000001206445e+02 2.057965838950720841e-02
8.307000000001206672e+02 1.975659530050298540e-02
8.308000000001206899e+02 1.893003107452540662e-02
8.309000000001207127e+02 1.812281782242129019e-02
8.310000000001207354e+02 1.731219314624661901e-02
8.311000000001207582e+02 1.643972363764691080e-02
8.312000000001207809e+02 1.556749485154720197e-02
8.313000000001208036e+02 1.469550688944650137e-02
8.314000000001208264e+02 1.382375985274679128e-02
8.315000000001208491e+02 1.295225384271351567e-02
8.316000000001208718e+02 1.205321076734615360e-02
8.317000000001208946e+02 1.118117593955113981e-02
8.318000000001209173e+02 1.031326643582773303e-02
8.319000000001209401e+02 9.426822542242861355e-03
8.320000000001209628e+02 8.544617452906518723e-03
8.321000000001209855e+02 7.698504045933037866e-03
8.322000000001210083e+02 6.849513525959556939e-03
8.323000000001210310e+02 5.997646061235105235e-03
8.324000000001210537e+02 5.142901820119220868e-03
8.325000000001210765e+02 4.308075018578471846e-03
8.326000000001210992e+02 3.472628763706069911e-03
8.327000000001211220e+02 2.610421476121266900e-03
8.328000000001211447e+02 1.744247432955475276e-03
