#nm   flambda
150.376 3.470E+00
151.13 4.843E+00
151.888 6.673E+00
152.649 1.183E+01
153.415 2.038E+01
154.184 2.520E+01
154.957 2.814E+01
155.734 3.408E+01
156.515 4.238E+01
157.3 5.571E+01
158.089 7.046E+01
158.882 8.446E+01
159.678 8.716E+01
160.479 9.371E+01
161.284 1.053E+02
162.092 1.147E+02
162.905 1.303E+02
163.722 1.570E+02
164.543 1.733E+02
165.368 1.656E+02
166.198 1.867E+02
167.031 2.274E+02
167.868 3.196E+02
168.71 4.931E+02
169.556 6.946E+02
170.407 8.300E+02
171.261 9.106E+02
172.12 1.073E+03
172.983 1.302E+03
173.85 1.714E+03
174.722 2.227E+03
175.598 2.566E+03
176.479 2.573E+03
177.364 2.793E+03
178.253 3.350E+03
179.147 3.976E+03
180.045 4.325E+03
180.948 4.200E+03
181.856 4.409E+03
182.767 4.778E+03
183.684 4.714E+03
184.605 4.638E+03
185.531 5.673E+03
186.461 7.074E+03
187.396 7.892E+03
188.336 8.794E+03
189.28 9.891E+03
190.229 1.031E+04
191.183 1.074E+04
192.142 1.034E+04
193.106 9.625E+03
194.074 1.140E+04
195.047 1.449E+04
196.025 1.713E+04
197.008 1.883E+04
197.996 1.930E+04
198.989 2.006E+04
199.987 2.087E+04
200.99 2.134E+04
201.997 2.142E+04
203.01 2.290E+04
204.028 2.641E+04
205.051 2.879E+04
206.08 3.037E+04
207.113 3.454E+04
208.152 4.219E+04
209.195 6.260E+04
210.244 1.023E+05
211.299 1.343E+05
212.358 1.416E+05
213.423 1.523E+05
214.493 1.728E+05
215.569 1.762E+05
216.65 1.643E+05
217.736 1.738E+05
218.828 1.999E+05
219.925 2.044E+05
221.028 1.881E+05
222.137 2.057E+05
223.251 2.533E+05
224.37 2.522E+05
225.495 2.076E+05
226.626 1.908E+05
227.762 2.121E+05
228.904 2.361E+05
230.052 2.446E+05
231.206 2.486E+05
232.365 2.162E+05
233.53 1.717E+05
234.702 1.533E+05
235.878 1.533E+05
237.061 1.362E+05
238.25 1.194E+05
239.445 1.124E+05
240.645 1.260E+05
241.852 1.789E+05
243.065 2.277E+05
244.284 2.492E+05
245.509 2.532E+05
246.74 2.177E+05
247.977 1.634E+05
249.221 1.482E+05
250.47 1.594E+05
251.726 1.370E+05
252.989 1.381E+05
254.257 2.184E+05
255.532 3.666E+05
256.814 4.821E+05
258.101 4.818E+05
259.396 3.924E+05
260.696 3.356E+05
262.004 4.328E+05
263.317 8.135E+05
264.638 1.282E+06
265.965 1.388E+06
267.299 1.326E+06
268.639 1.317E+06
269.986 1.203E+06
271.34 9.641E+05
272.701 7.412E+05
274.068 6.189E+05
275.442 6.929E+05
276.824 8.264E+05
278.212 6.464E+05
279.607 4.340E+05
281.009 6.836E+05
282.418 1.088E+06
283.834 9.963E+05
285.258 8.010E+05
286.688 1.137E+06
288.126 1.606E+06
289.57 2.062E+06
291.022 2.366E+06
292.482 2.324E+06
293.948 2.183E+06
295.422 2.152E+06
296.904 2.124E+06
298.393 2.159E+06
299.889 2.252E+06
301.393 2.335E+06
302.904 2.491E+06
304.423 2.605E+06
305.95 2.630E+06
307.484 2.689E+06
309.026 2.616E+06
310.575 2.744E+06
312.133 2.886E+06
313.698 2.807E+06
315.271 2.715E+06
316.852 2.748E+06
318.441 2.804E+06
320.038 2.826E+06
321.642 2.718E+06
323.255 2.720E+06
324.876 3.204E+06
326.505 3.673E+06
328.143 3.751E+06
329.788 3.721E+06
331.442 3.644E+06
333.104 3.591E+06
334.774 3.353E+06
336.453 3.014E+06
338.14 3.041E+06
339.836 3.195E+06
341.54 3.193E+06
343.252 3.266E+06
344.974 3.559E+06
346.704 3.839E+06
348.442 3.985E+06
350.189 4.052E+06
351.945 4.045E+06
353.71 4.135E+06
355.484 3.940E+06
357.267 3.409E+06
359.058 3.450E+06
360.859 3.776E+06
362.668 3.918E+06
364.487 4.187E+06
366.314 4.528E+06
368.151 4.529E+06
369.997 4.407E+06
371.853 4.092E+06
373.717 3.720E+06
375.591 3.963E+06
377.475 4.541E+06
379.368 4.493E+06
381.27 3.882E+06
383.182 3.313E+06
385.103 3.432E+06
387.035 3.693E+06
388.975 4.111E+06
390.926 4.359E+06
392.886 3.812E+06
394.856 3.761E+06
396.836 4.249E+06
398.826 5.370E+06
400.826 6.161E+06
402.836 6.251E+06
404.856 6.138E+06
406.886 6.132E+06
408.927 6.330E+06
410.977 6.524E+06
413.038 6.610E+06
415.109 6.628E+06
417.191 6.522E+06
419.283 6.313E+06
421.385 6.215E+06
423.498 6.077E+06
425.622 5.893E+06
427.756 5.467E+06
429.901 5.046E+06
432.057 5.454E+06
434.224 6.068E+06
436.401 6.321E+06
438.59 6.322E+06
440.789 6.524E+06
442.999 6.800E+06
445.221 6.944E+06
447.453 7.201E+06
449.697 7.496E+06
451.952 7.511E+06
454.218 7.453E+06
456.496 7.561E+06
458.785 7.561E+06
461.086 7.541E+06
463.398 7.529E+06
465.722 7.542E+06
468.057 7.549E+06
470.404 7.506E+06
472.763 7.570E+06
475.134 7.683E+06
477.516 7.722E+06
479.911 7.690E+06
482.317 7.578E+06
484.736 7.229E+06
487.166 7.027E+06
489.609 7.182E+06
492.064 7.279E+06
494.532 7.365E+06
497.012 7.277E+06
499.504 7.069E+06
502.009 7.016E+06
504.526 7.139E+06
507.056 7.226E+06
509.599 7.204E+06
512.154 7.083E+06
514.722 6.772E+06
517.304 6.466E+06
519.898 6.588E+06
522.505 6.838E+06
525.125 6.834E+06
527.758 6.859E+06
530.404 6.986E+06
533.064 6.923E+06
535.737 6.961E+06
538.424 6.956E+06
541.124 6.890E+06
543.837 6.948E+06
546.564 6.960E+06
549.305 6.915E+06
552.059 6.922E+06
554.828 6.904E+06
557.61 6.815E+06
560.406 6.805E+06
563.216 6.831E+06
566.041 6.799E+06
568.879 6.800E+06
571.732 6.851E+06
574.599 6.870E+06
577.48 6.825E+06
580.376 6.820E+06
583.286 6.808E+06
586.211 6.691E+06
589.15 6.564E+06
592.105 6.592E+06
595.074 6.641E+06
598.058 6.604E+06
601.057 6.541E+06
604.071 6.536E+06
607.1 6.494E+06
610.144 6.369E+06
613.204 6.222E+06
616.279 6.161E+06
619.369 6.201E+06
622.475 6.163E+06
625.596 6.111E+06
628.734 6.117E+06
631.886 6.068E+06
635.055 6.028E+06
638.239 6.002E+06
641.44 5.948E+06
644.656 5.899E+06
647.889 5.852E+06
651.138 5.803E+06
654.403 5.666E+06
657.685 5.600E+06
660.983 5.701E+06
664.297 5.719E+06
667.628 5.686E+06
670.976 5.643E+06
674.341 5.602E+06
677.722 5.559E+06
681.121 5.508E+06
684.536 5.459E+06
687.969 5.430E+06
691.419 5.396E+06
694.886 5.346E+06
698.37 5.287E+06
701.872 5.229E+06
705.392 5.198E+06
708.929 5.157E+06
712.484 5.091E+06
716.057 5.015E+06
719.647 4.964E+06
723.256 4.954E+06
726.883 4.923E+06
730.528 4.876E+06
734.191 4.848E+06
737.873 4.785E+06
741.573 4.722E+06
745.291 4.710E+06
749.029 4.694E+06
752.785 4.666E+06
756.56 4.631E+06
760.353 4.588E+06
764.166 4.538E+06
767.998 4.488E+06
771.849 4.452E+06
775.72 4.428E+06
779.61 4.403E+06
783.519 4.363E+06
787.448 4.320E+06
791.397 4.257E+06
795.365 4.211E+06
799.354 4.193E+06
803.362 4.153E+06
807.39 4.109E+06
811.439 4.078E+06
815.508 4.033E+06
819.597 3.962E+06
823.707 3.933E+06
827.838 3.915E+06
831.989 3.864E+06
836.161 3.826E+06
840.354 3.793E+06
844.568 3.739E+06
848.803 3.632E+06
853.059 3.520E+06
857.337 3.539E+06
861.636 3.550E+06
865.957 3.462E+06
870.299 3.464E+06
874.663 3.486E+06
879.05 3.456E+06
883.458 3.420E+06
887.888 3.403E+06
892.34 3.385E+06
896.815 3.342E+06
901.312 3.292E+06
905.831 3.263E+06
910.374 3.235E+06
914.939 3.212E+06
919.527 3.156E+06
924.138 3.105E+06
928.772 3.103E+06
933.429 3.090E+06
938.11 3.043E+06
942.814 3.000E+06
947.542 2.985E+06
952.293 2.951E+06
957.069 2.915E+06
961.868 2.894E+06
966.691 2.869E+06
971.539 2.846E+06
976.411 2.819E+06
981.307 2.795E+06
986.228 2.768E+06
991.173 2.743E+06
996.143 2.720E+06
1001.14 2.678E+06
1006.16 2.638E+06
1011.2 2.623E+06
1016.27 2.594E+06
1021.37 2.570E+06
1026.49 2.552E+06
1031.64 2.520E+06
1036.81 2.488E+06
1042.01 2.462E+06
1047.24 2.438E+06
1052.49 2.415E+06
1057.77 2.381E+06
1063.07 2.346E+06
1068.4 2.308E+06
1073.76 2.278E+06
1079.14 2.250E+06
1084.55 2.217E+06
1089.99 2.182E+06
1095.46 2.146E+06
1100.95 2.138E+06
1106.47 2.133E+06
1112.02 2.114E+06
1117.6 2.089E+06
1123.2 2.062E+06
1128.83 2.036E+06
1134.5 2.014E+06
1140.18 1.993E+06
1145.9 1.982E+06
1151.65 1.968E+06
1157.42 1.939E+06
1163.23 1.910E+06
1169.06 1.894E+06
1174.92 1.874E+06
1180.81 1.848E+06
1186.73 1.827E+06
1192.69 1.808E+06
1198.67 1.781E+06
1204.68 1.761E+06
1210.72 1.751E+06
1216.79 1.747E+06
1222.89 1.732E+06
1229.02 1.712E+06
1235.19 1.693E+06
1241.38 1.673E+06
1247.6 1.655E+06
1253.86 1.636E+06
1260.15 1.616E+06
1266.47 1.598E+06
1272.82 1.576E+06
1279.2 1.538E+06
1285.62 1.518E+06
1292.06 1.520E+06
1298.54 1.511E+06
1305.05 1.492E+06
1311.6 1.471E+06
1318.17 1.455E+06
1324.78 1.441E+06
1331.43 1.424E+06
1338.1 1.410E+06
1344.81 1.397E+06
1351.56 1.379E+06
1358.33 1.360E+06
1365.15 1.343E+06
1371.99 1.329E+06
1378.87 1.316E+06
1385.79 1.303E+06
1392.74 1.289E+06
1399.72 1.271E+06
1406.74 1.253E+06
1413.79 1.236E+06
1420.88 1.216E+06
1428.01 1.199E+06
1435.17 1.188E+06
1442.36 1.172E+06
1449.6 1.158E+06
1456.87 1.147E+06
1464.17 1.134E+06
1471.51 1.117E+06
1478.89 1.101E+06
1486.31 1.088E+06
1493.76 1.077E+06
1501.25 1.058E+06
1508.78 1.047E+06
1516.35 1.045E+06
1523.95 1.035E+06
1531.59 1.023E+06
1539.27 1.012E+06
1546.99 9.986E+05
1554.75 9.835E+05
1562.54 9.690E+05
1570.38 9.492E+05
1578.25 9.286E+05
1586.17 9.131E+05
1594.12 9.071E+05
1602.12 9.022E+05
1610.15 8.879E+05
1618.22 8.779E+05
1626.34 8.727E+05
1634.49 8.544E+05
1642.69 8.352E+05
1650.93 8.302E+05
1659.21 8.235E+05
1667.53 8.059E+05
1675.89 7.828E+05
1684.29 7.700E+05
1692.74 7.669E+05
1701.23 7.557E+05
1709.76 7.407E+05
1718.33 7.262E+05
1726.95 7.065E+05
1735.61 6.869E+05
1744.31 6.805E+05
1753.06 6.770E+05
1761.85 6.688E+05
1770.68 6.580E+05
1779.56 6.464E+05
1788.49 6.362E+05
1797.45 6.246E+05
1806.47 6.095E+05
1815.53 5.910E+05
1824.63 5.822E+05
1833.78 5.775E+05
1842.98 5.676E+05
1852.22 5.574E+05
1861.5 5.437E+05
1870.84 5.253E+05
1880.22 5.155E+05
1889.65 5.119E+05
1899.12 5.066E+05
1908.65 5.020E+05
1918.22 4.938E+05
1927.84 4.820E+05
1937.51 4.671E+05
1947.22 4.561E+05
1956.99 4.547E+05
1966.8 4.499E+05
1976.66 4.419E+05
1986.57 4.349E+05
1996.53 4.287E+05
2006.55 4.227E+05
2016.61 4.151E+05
2026.72 4.062E+05
2036.88 3.989E+05
2047.1 3.929E+05
2057.36 3.855E+05
2067.68 3.783E+05
2078.05 3.719E+05
2088.47 3.647E+05
2098.94 3.585E+05
2109.47 3.527E+05
2120.04 3.462E+05
2130.68 3.404E+05
2141.36 3.347E+05
2152.1 3.270E+05
2162.89 3.168E+05
2173.74 3.113E+05
2184.64 3.089E+05
2195.59 3.048E+05
2206.6 2.992E+05
2217.67 2.942E+05
2228.79 2.892E+05
2239.96 2.837E+05
2251.19 2.782E+05
2262.48 2.731E+05
2273.83 2.681E+05
2285.23 2.626E+05
2296.69 2.573E+05
2308.21 2.527E+05
2319.78 2.470E+05
2331.41 2.420E+05
2343.1 2.380E+05
2354.85 2.330E+05
2366.66 2.287E+05
2378.53 2.239E+05
2390.46 2.198E+05
2402.44 2.165E+05
2414.49 2.120E+05
2426.6 2.081E+05
2438.77 2.044E+05
2451 2.000E+05
2463.29 1.965E+05
2475.64 1.928E+05
2488.05 1.894E+05
2500.53 1.868E+05
2513.07 1.836E+05
2525.67 1.805E+05
2538.34 1.769E+05
2551.06 1.734E+05
2563.86 1.704E+05
2576.71 1.673E+05
2589.63 1.642E+05
2602.62 1.615E+05
2615.67 1.573E+05
2628.79 1.534E+05
2641.97 1.517E+05
2655.22 1.495E+05
2668.53 1.471E+05
2681.91 1.452E+05
2695.36 1.430E+05
2708.88 1.404E+05
2722.46 1.379E+05
2736.11 1.353E+05
2749.83 1.325E+05
2763.62 1.299E+05
2777.48 1.278E+05
2791.41 1.258E+05
2805.41 1.236E+05
2819.48 1.214E+05
2833.61 1.191E+05
2847.82 1.168E+05
2862.1 1.143E+05
2876.46 1.121E+05
2890.88 1.103E+05
2905.38 1.084E+05
2919.94 1.063E+05
2934.59 1.043E+05
2949.3 1.025E+05
2964.09 1.007E+05
2978.96 9.882E+04
2993.89 9.688E+04
3008.91 9.503E+04
3023.99 9.301E+04
3039.16 9.098E+04
3054.4 8.952E+04
3069.71 8.805E+04
3085.11 8.644E+04
3100.58 8.474E+04
3116.13 8.308E+04
3131.75 8.164E+04
3147.46 8.013E+04
3163.24 7.861E+04
3179.1 7.721E+04
3195.04 7.580E+04
3211.06 7.436E+04
3227.17 7.294E+04
3243.35 7.155E+04
3259.61 7.018E+04
3275.96 6.867E+04
3292.39 6.705E+04
3308.9 6.574E+04
3325.49 6.471E+04
3342.16 6.371E+04
3358.92 6.253E+04
3375.77 6.128E+04
3392.7 6.000E+04
3409.71 5.883E+04
3426.81 5.788E+04
3443.99 5.694E+04
3461.26 5.589E+04
3478.62 5.481E+04
3496.06 5.379E+04
3513.59 5.279E+04
3531.21 5.174E+04
3548.92 5.072E+04
3566.71 4.974E+04
3584.6 4.882E+04
3602.57 4.796E+04
3620.64 4.708E+04
3638.79 4.609E+04
3657.04 4.507E+04
3675.38 4.404E+04
3693.81 4.300E+04
3712.33 4.216E+04
3730.95 4.128E+04
3749.66 4.042E+04
3768.46 3.990E+04
3787.36 3.929E+04
3806.35 3.863E+04
3825.44 3.799E+04
3844.62 3.731E+04
3863.9 3.657E+04
3883.27 3.586E+04
3902.75 3.521E+04
3922.32 3.457E+04
3941.99 3.385E+04
3961.75 3.314E+04
3981.62 3.245E+04
4001.58 3.179E+04
4021.65 3.119E+04
4041.82 3.053E+04
4062.09 2.994E+04
4082.45 2.952E+04
4102.93 2.904E+04
4123.5 2.851E+04
4144.18 2.795E+04
4164.96 2.739E+04
4185.84 2.681E+04
4206.83 2.629E+04
4227.93 2.586E+04
4249.13 2.538E+04
4270.44 2.473E+04
4291.85 2.367E+04
4313.37 2.278E+04
4335 2.208E+04
4356.74 2.118E+04
4378.59 2.057E+04
4400.54 1.988E+04
4422.61 1.925E+04
4444.79 1.887E+04
4467.08 1.835E+04
4489.48 1.796E+04
4511.99 1.758E+04
4534.62 1.714E+04
4557.35 1.686E+04
4580.21 1.649E+04
4603.18 1.619E+04
4626.26 1.601E+04
4649.46 1.575E+04
4672.77 1.556E+04
4696.2 1.539E+04
4719.75 1.515E+04
4743.42 1.492E+04
4767.21 1.464E+04
4791.11 1.437E+04
4815.14 1.417E+04
4839.28 1.398E+04
4863.55 1.371E+04
4887.94 1.345E+04
4912.45 1.320E+04
4937.08 1.294E+04
4961.84 1.271E+04
4986.72 1.248E+04
5011.73 1.225E+04
5036.86 1.206E+04
5062.11 1.185E+04
5087.5 1.160E+04
5113.01 1.137E+04
5138.65 1.120E+04
5164.42 1.103E+04
5190.31 1.083E+04
5216.34 1.061E+04
5242.5 1.043E+04
5268.79 1.025E+04
5295.21 1.008E+04
5321.76 9.900E+03
5348.45 9.733E+03
5375.27 9.564E+03
5402.22 9.395E+03
5429.31 9.221E+03
5456.54 9.052E+03
5483.9 8.905E+03
5511.4 8.765E+03
5539.03 8.621E+03
5566.81 8.475E+03
5594.72 8.327E+03
5622.78 8.186E+03
5650.97 8.052E+03
5679.31 7.915E+03
5707.79 7.780E+03
5736.41 7.651E+03
5765.18 7.520E+03
5794.09 7.386E+03
5823.14 7.257E+03
5852.34 7.124E+03
5881.69 6.984E+03
5911.18 6.858E+03
5940.83 6.743E+03
5970.62 6.631E+03
6000.56 6.517E+03
6030.65 6.400E+03
6060.89 6.283E+03
6091.28 6.160E+03
6121.82 6.053E+03
6152.52 5.953E+03
6183.37 5.844E+03
6214.38 5.727E+03
6245.54 5.619E+03
6276.86 5.520E+03
6308.34 5.419E+03
6339.97 5.322E+03
6371.76 5.226E+03
6403.71 5.130E+03
6435.82 5.031E+03
6468.1 4.926E+03
6500.53 4.835E+03
6533.13 4.753E+03
6565.89 4.666E+03
6598.81 4.577E+03
6631.9 4.490E+03
6665.16 4.404E+03
6698.58 4.317E+03
6732.17 4.231E+03
6765.93 4.150E+03
6799.86 4.073E+03
6833.96 3.996E+03
6868.23 3.919E+03
6902.67 3.843E+03
6937.28 3.768E+03
6972.07 3.696E+03
7007.03 3.622E+03
7042.17 3.553E+03
7077.48 3.487E+03
7112.97 3.420E+03
7148.64 3.355E+03
7184.49 3.289E+03
7220.51 3.224E+03
7256.72 3.162E+03
7293.11 3.101E+03
7329.68 3.040E+03
7366.43 2.981E+03
7403.37 2.921E+03
7440.5 2.855E+03
7477.81 2.797E+03
7515.31 2.749E+03
7552.99 2.701E+03
7590.87 2.651E+03
7628.93 2.600E+03
7667.19 2.549E+03
7705.63 2.499E+03
7744.27 2.451E+03
7783.11 2.405E+03
7822.14 2.358E+03
7861.36 2.312E+03
7900.78 2.267E+03
7940.4 2.223E+03
7980.22 2.179E+03
8020.24 2.136E+03
8060.45 2.093E+03
8100.87 2.053E+03
8141.49 2.012E+03
8182.32 1.973E+03
8223.35 1.936E+03
8264.59 1.899E+03
8306.03 1.861E+03
8347.68 1.824E+03
8389.54 1.789E+03
8431.61 1.755E+03
8473.89 1.721E+03
8516.38 1.688E+03
8559.09 1.655E+03
8602.01 1.622E+03
8645.14 1.591E+03
8688.49 1.560E+03
8732.06 1.529E+03
8775.85 1.498E+03
8819.86 1.469E+03
8864.08 1.439E+03
8908.53 1.412E+03
8953.21 1.384E+03
8998.1 1.357E+03
9043.22 1.331E+03
9088.57 1.305E+03
9134.15 1.280E+03
9179.95 1.256E+03
9225.98 1.232E+03
9272.25 1.208E+03
9318.74 1.184E+03
9365.47 1.161E+03
9412.43 1.138E+03
9459.63 1.116E+03
9507.07 1.094E+03
9554.74 1.073E+03
9602.65 1.052E+03
9650.81 1.031E+03
9699.2 1.011E+03
9747.84 9.904E+02
9796.72 9.714E+02
9845.84 9.532E+02
9895.22 9.349E+02
9944.84 9.164E+02
9994.71 8.986E+02
10044.8 8.813E+02
10095.2 8.641E+02
10145.8 8.472E+02
10196.7 8.307E+02
10247.8 8.144E+02
10299.2 7.985E+02
10350.9 7.829E+02
10402.8 7.677E+02
10454.9 7.525E+02
10507.4 7.376E+02
10560 7.233E+02
10613 7.092E+02
10666.2 6.954E+02
10719.7 6.818E+02
10773.5 6.684E+02
10827.5 6.553E+02
10881.8 6.424E+02
10936.3 6.299E+02
10991.2 6.176E+02
11046.3 6.055E+02
11101.7 5.937E+02
11157.4 5.821E+02
11213.3 5.707E+02
11269.5 5.593E+02
11326.1 5.483E+02
11382.8 5.377E+02
11439.9 5.273E+02
11497.3 5.170E+02
11554.9 5.069E+02
11612.9 4.970E+02
11671.1 4.873E+02
11729.6 4.777E+02
11788.5 4.684E+02
11847.6 4.592E+02
11907 4.502E+02
11966.7 4.413E+02
12026.7 4.327E+02
12087 4.243E+02
12147.6 4.160E+02
12208.5 4.078E+02
12269.8 3.998E+02
12331.3 3.918E+02
12393.1 3.841E+02
12455.3 3.767E+02
12517.7 3.693E+02
12580.5 3.621E+02
12643.6 3.550E+02
12707 3.481E+02
12770.7 3.412E+02
12834.7 3.345E+02
12899.1 3.280E+02
12963.8 3.216E+02
13028.8 3.153E+02
13094.1 3.091E+02
13159.8 3.030E+02
13225.8 2.971E+02
13292.1 2.912E+02
13358.7 2.855E+02
13425.7 2.799E+02
13493.1 2.744E+02
13560.7 2.691E+02
13628.7 2.638E+02
13697.1 2.586E+02
13765.7 2.535E+02
13834.8 2.486E+02
13904.1 2.437E+02
13973.9 2.389E+02
14043.9 2.342E+02
14114.4 2.296E+02
14185.1 2.250E+02
14256.3 2.206E+02
14327.8 2.163E+02
14399.6 2.121E+02
14471.8 2.079E+02
14544.4 2.038E+02
14617.3 1.998E+02
14690.6 1.959E+02
14764.3 1.920E+02
14838.3 1.883E+02
14912.7 1.846E+02
14987.5 1.809E+02
15062.7 1.774E+02
15138.2 1.739E+02
15214.1 1.705E+02
15290.4 1.671E+02
15367.1 1.639E+02
15444.1 1.606E+02
15521.6 1.575E+02
15599.4 1.544E+02
15677.6 1.513E+02
15756.2 1.484E+02
15835.3 1.455E+02
15914.7 1.426E+02
15994.5 1.398E+02
16074.7 1.370E+02
16155.3 1.343E+02
16236.3 1.316E+02
16317.7 1.291E+02
16399.5 1.266E+02
16481.8 1.241E+02
16564.4 1.216E+02
16647.5 1.192E+02
16731 1.169E+02
16814.9 1.146E+02
16899.2 1.123E+02
16983.9 1.101E+02
17069.1 1.080E+02
17154.7 1.058E+02
17240.7 1.038E+02
17327.2 1.017E+02
17414 9.971E+01
17501.4 9.775E+01
17589.1 9.582E+01
17677.3 9.393E+01
17766 9.208E+01
17855.1 9.027E+01
17944.6 8.850E+01
18034.6 8.675E+01
18125 8.504E+01
18215.9 8.336E+01
18307.2 8.171E+01
18399 8.011E+01
18491.3 7.854E+01
18584 7.699E+01
18677.2 7.547E+01
18770.9 7.398E+01
18865 7.252E+01
18959.6 7.106E+01
19054.7 6.961E+01
19150.2 6.828E+01
19246.3 6.697E+01
19342.8 6.566E+01
19439.8 6.436E+01
19537.2 6.310E+01
19635.2 6.185E+01
19733.7 6.063E+01
19832.6 5.944E+01
19932.1 5.826E+01
20032 5.712E+01
20132.5 5.599E+01
20233.4 5.489E+01
20334.9 5.380E+01
20436.9 5.274E+01
20539.4 5.170E+01
20642.3 5.068E+01
20745.9 4.968E+01
20849.9 4.870E+01
20954.4 4.774E+01
21059.5 4.680E+01
21165.1 4.588E+01
21271.3 4.497E+01
21377.9 4.408E+01
21485.1 4.321E+01
21592.9 4.236E+01
21701.1 4.153E+01
21810 4.071E+01
21919.3 3.990E+01
22029.2 3.911E+01
22139.7 3.834E+01
22250.7 3.758E+01
22362.3 3.683E+01
22474.4 3.611E+01
22587.1 3.540E+01
22700.4 3.470E+01
22814.2 3.402E+01
22928.6 3.335E+01
23043.6 3.269E+01
23159.2 3.204E+01
23275.3 3.141E+01
23392 3.079E+01
23509.3 3.018E+01
23627.2 2.959E+01
23745.7 2.900E+01
23864.8 2.843E+01
23984.4 2.787E+01
24104.7 2.732E+01
24225.6 2.678E+01
24347 2.625E+01
24469.1 2.573E+01
24591.8 2.522E+01
24715.2 2.472E+01
24839.1 2.423E+01
24963.6 2.376E+01
25088.8 2.329E+01
25214.6 2.283E+01
25341.1 2.237E+01
25468.1 2.193E+01
25595.9 2.150E+01
25724.2 2.107E+01
25853.2 2.066E+01
25982.8 2.025E+01
26113.1 1.985E+01
26244.1 1.946E+01
26375.7 1.907E+01
26507.9 1.869E+01
26640.9 1.832E+01
26774.5 1.796E+01
26908.7 1.761E+01
27043.7 1.726E+01
27179.3 1.692E+01
27315.6 1.658E+01
27452.5 1.625E+01
27590.2 1.593E+01
27728.5 1.561E+01
27867.6 1.530E+01
28007.3 1.500E+01
28147.8 1.471E+01
28288.9 1.442E+01
28430.8 1.413E+01
28573.3 1.385E+01
28716.6 1.358E+01
28860.6 1.331E+01
29005.4 1.305E+01
29150.8 1.279E+01
29297 1.254E+01
29443.9 1.229E+01
29591.5 1.204E+01
29739.9 1.180E+01
29889.1 1.157E+01
30038.9 1.134E+01
30189.6 1.112E+01
30341 1.090E+01
30493.1 1.068E+01
30646 1.047E+01
30799.7 1.026E+01
30954.1 1.006E+01
31109.3 9.861E+00
31265.3 9.666E+00
31422.1 9.475E+00
31579.7 9.287E+00
31738.1 9.103E+00
31897.2 8.923E+00
32057.2 8.746E+00
32217.9 8.573E+00
32379.5 8.403E+00
32541.8 8.237E+00
32705 8.073E+00
32869 7.913E+00
33033.8 7.757E+00
33199.5 7.603E+00
33366 7.452E+00
33533.3 7.305E+00
33701.4 7.160E+00
33870.4 7.018E+00
34040.3 6.879E+00
34211 6.743E+00
34382.5 6.609E+00
34554.9 6.478E+00
34728.2 6.350E+00
34902.4 6.224E+00
35077.4 6.100E+00
35253.3 5.980E+00
35430 5.861E+00
35607.7 5.745E+00
35786.3 5.631E+00
35965.7 5.519E+00
36146.1 5.410E+00
36327.3 5.302E+00
36509.5 5.197E+00
36692.6 5.094E+00
36876.6 4.993E+00
37061.5 4.894E+00
37247.3 4.797E+00
37434.1 4.702E+00
37621.8 4.609E+00
37810.5 4.517E+00
38000.1 4.428E+00
38190.6 4.340E+00
38382.1 4.254E+00
38574.6 4.169E+00
38768 4.085E+00
38962.4 4.004E+00
39157.8 3.926E+00
39354.2 3.848E+00
39551.5 3.772E+00
39749.9 3.697E+00
39949.2 3.624E+00
40149.5 3.552E+00
40350.8 3.482E+00
40553.2 3.412E+00
40756.5 3.345E+00
40960.9 3.278E+00
41166.3 3.213E+00
41372.7 3.150E+00
41580.2 3.087E+00
41788.7 3.026E+00
41998.3 2.966E+00
42208.9 2.907E+00
42420.5 2.849E+00
42633.2 2.793E+00
42847 2.737E+00
43061.9 2.683E+00
43277.8 2.629E+00
43494.8 2.577E+00
43712.9 2.526E+00
43932.1 2.476E+00
44152.4 2.427E+00
44373.8 2.379E+00
44596.3 2.331E+00
44820 2.285E+00
45044.7 2.240E+00
45270.6 2.195E+00
45497.6 2.152E+00
45725.8 2.109E+00
45955.1 2.067E+00
46185.5 2.026E+00
46417.1 1.986E+00
46649.9 1.946E+00
46883.8 1.908E+00
47118.9 1.870E+00
47355.2 1.833E+00
47592.6 1.796E+00
47831.3 1.761E+00
48071.1 1.726E+00
48312.2 1.691E+00
48554.5 1.658E+00
48797.9 1.625E+00
49042.6 1.592E+00
49288.6 1.561E+00
49535.7 1.530E+00
49784.1 1.499E+00
50033.8 1.470E+00
50284.7 1.440E+00
50536.8 1.412E+00
50790.2 1.384E+00
51044.9 1.356E+00
51300.9 1.329E+00
51558.1 1.303E+00
51816.7 1.277E+00
52076.5 1.252E+00
52337.6 1.226E+00
52600.1 1.202E+00
52863.9 1.178E+00
53128.9 1.155E+00
53395.4 1.132E+00
53663.1 1.110E+00
53932.2 1.087E+00
54202.7 1.066E+00
54474.5 1.045E+00
54747.6 1.024E+00
55022.1 1.004E+00
55298.1 9.835E-01
55575.4 9.640E-01
55854 9.448E-01
56134.1 9.260E-01
56415.6 9.076E-01
56698.5 8.896E-01
56982.8 8.719E-01
57268.6 8.546E-01
57555.7 8.376E-01
57844.3 8.209E-01
58134.4 8.046E-01
58425.9 7.886E-01
58718.9 7.729E-01
59013.4 7.575E-01
59309.3 7.424E-01
59606.7 7.277E-01
59905.6 7.132E-01
60206 6.990E-01
60507.9 6.851E-01
60811.3 6.715E-01
61116.2 6.581E-01
61422.7 6.450E-01
61730.7 6.322E-01
62040.3 6.196E-01
62351.4 6.073E-01
62664 5.952E-01
62978.3 5.834E-01
63294.1 5.717E-01
63611.5 5.604E-01
63930.4 5.492E-01
64251 5.383E-01
64573.2 5.276E-01
64897 5.171E-01
65222.4 5.068E-01
65549.5 4.967E-01
65878.2 4.868E-01
66208.6 4.771E-01
66540.6 4.676E-01
66874.2 4.583E-01
67209.6 4.492E-01
67546.6 4.403E-01
67885.3 4.315E-01
68225.7 4.229E-01
68567.8 4.145E-01
68911.7 4.062E-01
69257.2 3.981E-01
69604.5 3.902E-01
69953.6 3.824E-01
70304.3 3.748E-01
70656.9 3.674E-01
71011.2 3.601E-01
71367.3 3.529E-01
71725.2 3.459E-01
72084.8 3.390E-01
72446.3 3.322E-01
72809.6 3.256E-01
73174.7 3.191E-01
73541.6 3.128E-01
73910.4 3.065E-01
74281 3.004E-01
74653.5 2.945E-01
75027.9 2.886E-01
75404.1 2.828E-01
75782.2 2.772E-01
76162.2 2.717E-01
76544.1 2.663E-01
76928 2.610E-01
77313.7 2.558E-01
77701.4 2.507E-01
78091.1 2.457E-01
78482.6 2.408E-01
78876.2 2.360E-01
79271.7 2.313E-01
79669.2 2.267E-01
80068.7 2.222E-01
80470.2 2.177E-01
80873.8 2.134E-01
81279.3 2.092E-01
81686.9 2.050E-01
82096.5 2.009E-01
82508.2 1.969E-01
82921.9 1.930E-01
83337.7 1.891E-01
83755.6 1.854E-01
84175.6 1.817E-01
84597.7 1.781E-01
85021.9 1.745E-01
85448.3 1.710E-01
85876.8 1.676E-01
86307.4 1.643E-01
86740.2 1.610E-01
87175.2 1.578E-01
87612.3 1.546E-01
88051.6 1.516E-01
88493.2 1.485E-01
88936.9 1.456E-01
89382.9 1.427E-01
89831.1 1.398E-01
90281.6 1.371E-01
90734.3 1.343E-01
91189.3 1.316E-01
91646.5 1.290E-01
92106.1 1.264E-01
92568 1.239E-01
93032.2 1.215E-01
93498.7 1.190E-01
93967.5 1.167E-01
94438.7 1.143E-01
94912.3 1.121E-01
95388.2 1.098E-01
95866.6 1.076E-01
96347.3 1.055E-01
96830.4 1.034E-01
97316 1.013E-01
97804 9.930E-02
98294.4 9.732E-02
98787.3 9.538E-02
99282.7 9.348E-02
99780.5 9.161E-02
100281 8.979E-02
100784 8.800E-02
101289 8.625E-02
101797 8.453E-02
102308 8.284E-02
102821 8.119E-02
103336 7.957E-02
103854 7.798E-02
104375 7.643E-02
104898 7.490E-02
105425 7.341E-02
105953 7.195E-02
106484 7.051E-02
107018 6.910E-02
107555 6.773E-02
108094 6.638E-02
108636 6.505E-02
109181 6.375E-02
109729 6.248E-02
110279 6.124E-02
110832 6.001E-02
111388 5.881E-02
111946 5.764E-02
112508 5.649E-02
113072 5.537E-02
113639 5.426E-02
114209 5.318E-02
114781 5.212E-02
115357 5.108E-02
115935 5.006E-02
116517 4.906E-02
117101 4.808E-02
117688 4.712E-02
118278 4.618E-02
118871 4.526E-02
119468 4.436E-02
120067 4.347E-02
120669 4.261E-02
121274 4.176E-02
121882 4.092E-02
122493 4.011E-02
123107 3.931E-02
123725 3.852E-02
124345 3.775E-02
124969 3.700E-02
125595 3.626E-02
126225 3.554E-02
126858 3.483E-02
127494 3.413E-02
128134 3.345E-02
128776 3.279E-02
129422 3.213E-02
130071 3.149E-02
130723 3.086E-02
131379 3.025E-02
132037 2.964E-02
132699 2.905E-02
133365 2.847E-02
134034 2.790E-02
134706 2.735E-02
135381 2.680E-02
136060 2.627E-02
136742 2.574E-02
137428 2.523E-02
138117 2.472E-02
138810 2.423E-02
139506 2.375E-02
140205 2.327E-02
140909 2.281E-02
141615 2.235E-02
142325 2.191E-02
143039 2.147E-02
143756 2.104E-02
144477 2.062E-02
145202 2.021E-02
145930 1.981E-02
146661 1.941E-02
147397 1.902E-02
148136 1.864E-02
148879 1.827E-02
149625 1.791E-02
150376 1.755E-02
151130 1.720E-02
151888 1.685E-02
152649 1.652E-02
153415 1.619E-02
154184 1.587E-02
154957 1.555E-02
155734 1.524E-02
156515 1.493E-02
157300 1.464E-02
158089 1.434E-02
158882 1.406E-02
159678 1.378E-02
160479 1.350E-02
161284 1.323E-02
162092 1.297E-02
162905 1.271E-02
163722 1.245E-02
164543 1.221E-02
165368 1.196E-02
166197 1.172E-02
167031 1.149E-02
167868 1.126E-02
168710 1.104E-02
169556 1.081E-02
170406 1.060E-02
171261 1.039E-02
172120 1.018E-02
172983 9.977E-03
173850 9.777E-03
174722 9.582E-03
175598 9.391E-03
176479 9.203E-03
177364 9.019E-03
178253 8.839E-03
179147 8.663E-03
180045 8.490E-03
180948 8.320E-03
181856 8.154E-03
182767 7.991E-03
183684 7.832E-03
184605 7.675E-03
185531 7.522E-03
186461 7.372E-03
187396 7.224E-03
188336 7.080E-03
189280 6.939E-03
190229 6.800E-03
191183 6.664E-03
192142 6.531E-03
193105 6.401E-03
194074 6.273E-03
195047 6.148E-03
196025 6.025E-03
197008 5.904E-03
197996 5.787E-03
198989 5.671E-03
199987 5.558E-03
200989 5.447E-03
201997 5.338E-03
203010 5.231E-03
204028 5.127E-03
205051 5.024E-03
206080 4.924E-03
207113 4.826E-03
208152 4.729E-03
209195 4.635E-03
210244 4.542E-03
211299 4.451E-03
212358 4.363E-03
213423 4.275E-03
214493 4.190E-03
215569 4.106E-03
216650 4.024E-03
217736 3.944E-03
218828 3.865E-03
219925 3.788E-03
221028 3.712E-03
222137 3.638E-03
223250 3.565E-03
224370 3.494E-03
225495 3.424E-03
226626 3.356E-03
227762 3.289E-03
228904 3.223E-03
230052 3.159E-03
231206 3.096E-03
232365 3.034E-03
233530 2.973E-03
234701 2.914E-03
235878 2.855E-03
237061 2.798E-03
238250 2.743E-03
239445 2.688E-03
240645 2.634E-03
241852 2.581E-03
243065 2.530E-03
244284 2.479E-03
245509 2.430E-03
246740 2.381E-03
247977 2.334E-03
249221 2.287E-03
250470 2.241E-03
251726 2.197E-03
252989 2.153E-03
254257 2.110E-03
255532 2.068E-03
256814 2.026E-03
258101 1.986E-03
259396 1.946E-03
260696 1.907E-03
262004 1.869E-03
263317 1.832E-03
264638 1.795E-03
265965 1.759E-03
267299 1.724E-03
268639 1.690E-03
269986 1.656E-03
271340 1.623E-03
272701 1.590E-03
274068 1.559E-03
275442 1.527E-03
276824 1.497E-03
278212 1.467E-03
279607 1.438E-03
281009 1.409E-03
282418 1.381E-03
283834 1.353E-03
285257 1.326E-03
286688 1.300E-03
288126 1.274E-03
289570 1.248E-03
291022 1.223E-03
292482 1.199E-03
293948 1.175E-03
295422 1.151E-03
296904 1.121E-03
298393 9.952E-04
