# Wavelength(nm)  Flambda(ergs/cm^s/s/nm)
30.00 1.493633e-12
30.50 1.457309e-12
31.00 1.42222e-12
31.50 1.388306e-12
32.00 1.3558e-12
32.50 1.324905e-12
33.00 1.294696e-12
33.50 1.265954e-12
34.00 1.23807e-12
34.50 1.21126e-12
35.00 1.185465e-12
35.50 1.160395e-12
36.00 1.13625e-12
36.50 1.112984e-12
37.00 1.090553e-12
37.50 1.068913e-12
38.00 1.04782e-12
38.50 1.027455e-12
39.00 1.007784e-12
39.50 9.887723e-13
40.00 9.702033e-13
40.50 9.522443e-13
41.00 9.348674e-13
41.50 9.180464e-13
42.00 9.017567e-13
42.50 8.859749e-13
43.00 8.705169e-13
43.50 8.555314e-13
44.00 8.409984e-13
44.50 8.268988e-13
45.00 8.130668e-13
45.50 7.997844e-13
46.00 7.867427e-13
46.50 7.740739e-13
47.00 7.617633e-13
47.50 7.497967e-13
48.00 7.380307e-13
48.50 7.267155e-13
49.00 7.155812e-13
49.50 7.047463e-13
50.00 6.941994e-13
50.50 6.8393e-13
51.00 6.739279e-13
51.50 6.641834e-13
52.00 6.545764e-13
52.50 6.452132e-13
53.00 6.361918e-13
53.50 6.272887e-13
54.00 6.185019e-13
54.50 6.100313e-13
55.00 6.017652e-13
55.50 5.935993e-13
56.00 5.857233e-13
56.50 5.779381e-13
57.00 5.703346e-13
57.50 5.629071e-13
58.00 5.556498e-13
58.50 5.485573e-13
59.00 5.416245e-13
59.50 5.347615e-13
60.00 5.281344e-13
60.50 5.215705e-13
61.00 5.152305e-13
61.50 5.089477e-13
62.00 5.027997e-13
62.50 4.967825e-13
63.00 4.908922e-13
63.50 4.850508e-13
64.00 4.794044e-13
64.50 4.738022e-13
65.00 4.683858e-13
65.50 4.630091e-13
66.00 4.57741e-13
66.50 4.526461e-13
67.00 4.47585e-13
67.50 4.426236e-13
68.00 4.376944e-13
68.50 4.329253e-13
69.00 4.28248e-13
69.50 4.236599e-13
70.00 4.190976e-13
70.50 4.146217e-13
71.00 4.102893e-13
71.50 4.059784e-13
72.00 4.017473e-13
72.50 3.97594e-13
73.00 3.935163e-13
73.50 3.895124e-13
74.00 3.855804e-13
74.50 3.817185e-13
75.00 3.778717e-13
75.50 3.741456e-13
76.00 3.704845e-13
76.50 3.668356e-13
77.00 3.6325e-13
77.50 3.597759e-13
78.00 3.563115e-13
78.50 3.529059e-13
79.00 3.495577e-13
79.50 3.462656e-13
80.00 3.430282e-13
80.50 3.398442e-13
81.00 3.367125e-13
81.50 3.335867e-13
82.00 3.305564e-13
82.50 3.275749e-13
83.00 3.245975e-13
83.50 3.216677e-13
84.00 3.188269e-13
84.50 3.159887e-13
85.00 3.131949e-13
85.50 3.104858e-13
86.00 3.077777e-13
86.50 3.051114e-13
87.00 3.024858e-13
87.50 2.999001e-13
88.00 2.973148e-13
88.50 2.948069e-13
89.00 2.923364e-13
89.25 2.90701e-13
89.75 3.16501e-13
90.25 3.769001e-13
90.75 3.410157e-13
91.25 4.410533e-13
91.75 5.31346e-13
92.25 6.090921e-13
92.75 6.129975e-13
93.25 5.816184e-13
93.75 6.647984e-13
94.25 7.542851e-13
94.75 6.822297e-13
95.25 6.899557e-13
95.75 5.722439e-13
96.25 6.494812e-13
96.75 6.869831e-13
97.25 8.216304e-13
97.75 7.828124e-13
98.25 8.068536e-13
98.75 8.84784e-13
99.25 8.348058e-13
99.75 7.619803e-13
100.25 7.004063e-13
100.75 7.599244e-13
101.25 7.91039e-13
101.75 9.04034e-13
102.25 9.909866e-13
102.75 1.204274e-12
103.25 1.197138e-12
103.75 1.174208e-12
104.25 9.878088e-13
104.75 9.428826e-13
105.25 9.006578e-13
105.75 9.063692e-13
106.25 8.997176e-13
106.75 9.065676e-13
107.25 8.590398e-13
107.75 8.670953e-13
108.25 7.992376e-13
108.75 7.769492e-13
109.25 7.540298e-13
109.75 7.26268e-13
110.25 7.384402e-13
110.75 8.019355e-13
111.25 8.177548e-13
111.75 8.435822e-13
112.25 8.28232e-13
112.75 8.348162e-13
113.25 7.809456e-13
113.75 7.594984e-13
114.25 7.44597e-13
114.75 7.84568e-13
115.25 7.567848e-13
115.75 7.815869e-13
116.25 7.979492e-13
116.75 8.40396e-13
117.25 9.278859e-13
117.75 9.831592e-13
118.25 9.272664e-13
118.75 1.059575e-12
119.25 1.222312e-12
119.75 1.413032e-12
120.25 1.713122e-12
120.75 2.179477e-12
121.25 3.007802e-12
121.75 3.254159e-12
122.25 2.605746e-12
122.75 2.286113e-12
123.25 2.135375e-12
123.75 2.139688e-12
124.25 2.007929e-12
124.75 1.63857e-12
125.25 1.451037e-12
125.75 1.364446e-12
126.25 1.31134e-12
126.75 1.243353e-12
127.25 1.131033e-12
127.75 1.072048e-12
128.25 1.039646e-12
128.75 1.028693e-12
129.25 1.052872e-12
129.75 1.082525e-12
130.25 1.123533e-12
130.75 1.11934e-12
131.25 1.065233e-12
131.75 1.004659e-12
132.25 9.926197e-13
132.75 9.868576e-13
133.25 1.024209e-12
133.75 1.033492e-12
134.25 1.000691e-12
134.75 9.827116e-13
135.25 9.630037e-13
135.75 9.625928e-13
136.25 9.713669e-13
136.75 9.852776e-13
137.25 9.878198e-13
137.75 1.001675e-12
138.25 1.038047e-12
138.75 1.099721e-12
139.25 1.166822e-12
139.75 1.179518e-12
140.25 1.181944e-12
140.75 1.087303e-12
141.25 1.018163e-12
141.75 9.686192e-13
142.25 9.41821e-13
142.75 9.231711e-13
143.25 9.040277e-13
143.75 8.923818e-13
144.25 8.836129e-13
144.75 8.73942e-13
145.25 8.679355e-13
145.75 8.674946e-13
146.25 8.785327e-13
146.75 8.671272e-13
147.25 8.781166e-13
147.75 8.795993e-13
148.25 8.890899e-13
148.75 9.049367e-13
149.25 9.048053e-13
149.75 9.215e-13
150.25 9.18697e-13
150.75 9.420308e-13
151.25 9.649054e-13
151.75 1.007637e-12
152.25 1.062592e-12
152.75 1.154453e-12
153.25 1.249563e-12
153.75 1.388688e-12
154.25 1.544759e-12
154.75 1.618668e-12
155.25 1.473927e-12
155.75 1.25562e-12
156.25 1.124802e-12
156.75 1.042844e-12
157.25 9.906371e-13
157.75 9.494308e-13
158.25 9.230898e-13
158.75 9.084814e-13
159.25 8.953382e-13
159.75 8.876278e-13
160.25 8.836151e-13
160.75 8.79635e-13
161.25 8.805298e-13
161.75 8.764695e-13
162.25 8.768837e-13
162.75 8.763709e-13
163.25 8.86872e-13
163.75 8.905204e-13
164.25 8.751057e-13
164.75 8.459446e-13
165.25 8.366614e-13
165.75 8.401328e-13
166.25 8.375817e-13
166.75 8.258816e-13
167.25 8.03053e-13
167.75 7.790964e-13
168.25 7.628233e-13
168.75 7.485188e-13
169.25 7.465099e-13
169.75 7.42951e-13
170.25 7.402484e-13
170.75 7.480528e-13
171.25 7.504379e-13
171.75 7.500385e-13
172.25 7.483176e-13
172.75 7.474076e-13
173.25 7.419013e-13
173.75 7.400208e-13
174.25 7.494056e-13
174.75 7.523879e-13
175.25 7.449773e-13
175.75 7.291946e-13
176.25 7.191762e-13
176.75 7.112745e-13
177.25 7.111797e-13
177.75 7.05761e-13
178.25 7.062418e-13
178.75 7.09521e-13
179.25 7.003432e-13
179.75 6.913492e-13
180.25 6.857659e-13
180.75 6.878499e-13
181.25 6.871628e-13
181.75 6.874712e-13
182.25 6.846971e-13
182.75 6.774547e-13
183.25 6.78673e-13
183.75 6.867049e-13
184.25 6.942865e-13
184.75 7.073095e-13
185.25 7.230648e-13
185.75 7.324713e-13
186.25 7.308773e-13
186.75 7.304073e-13
187.25 7.309579e-13
187.75 7.387213e-13
188.25 7.699944e-13
188.75 8.05386e-13
189.25 8.50438e-13
189.75 8.66778e-13
190.25 8.912174e-13
190.75 9.211565e-13
191.25 8.892985e-13
191.75 8.292222e-13
192.25 7.656213e-13
192.75 7.27118e-13
193.25 6.942204e-13
193.75 6.715551e-13
194.25 6.480013e-13
194.75 6.397775e-13
195.25 6.296634e-13
195.75 6.190182e-13
196.25 6.082397e-13
196.75 5.997311e-13
197.25 5.906844e-13
197.75 5.851713e-13
198.25 5.864948e-13
198.75 5.877218e-13
199.25 5.85984e-13
199.75 5.834298e-13
200.25 5.808189e-13
200.75 5.759208e-13
201.25 5.713602e-13
201.75 5.666903e-13
202.25 5.663104e-13
202.75 5.627914e-13
203.25 5.62203e-13
203.75 5.608192e-13
204.25 5.613106e-13
204.75 5.62148e-13
205.25 5.659595e-13
205.75 5.682402e-13
206.25 5.726768e-13
206.75 5.77064e-13
207.25 5.769352e-13
207.75 5.73189e-13
208.25 5.686426e-13
208.75 5.62826e-13
209.25 5.585647e-13
209.75 5.550871e-13
210.25 5.511616e-13
210.75 5.455796e-13
211.25 5.376258e-13
211.75 5.340869e-13
212.25 5.268487e-13
212.75 5.228519e-13
213.25 5.200074e-13
213.75 5.174462e-13
214.25 5.143155e-13
214.75 5.114033e-13
215.25 5.067655e-13
215.75 5.033889e-13
216.25 5.002304e-13
216.75 5.037959e-13
217.25 5.013526e-13
217.75 4.996851e-13
218.25 4.960765e-13
218.75 4.907414e-13
219.25 4.875702e-13
219.75 4.818153e-13
220.25 4.812988e-13
220.75 4.812127e-13
221.25 4.844296e-13
221.75 4.842593e-13
222.25 4.837823e-13
222.75 4.820358e-13
223.25 4.769317e-13
223.75 4.74084e-13
224.25 4.730453e-13
224.75 4.747413e-13
225.25 4.76004e-13
225.75 4.767214e-13
226.25 4.770764e-13
226.75 4.798143e-13
227.25 4.807239e-13
227.75 4.859556e-13
228.25 4.872816e-13
228.75 4.902527e-13
229.25 4.935927e-13
229.75 4.968422e-13
230.25 4.975706e-13
230.75 5.007092e-13
231.25 4.984903e-13
231.75 5.038771e-13
232.25 5.096021e-13
232.75 5.146092e-13
233.25 5.078869e-13
233.75 5.020403e-13
234.25 4.974955e-13
234.75 4.9206e-13
235.25 4.878038e-13
235.75 4.868696e-13
236.25 4.837367e-13
236.75 4.837815e-13
237.25 4.801467e-13
237.75 4.79137e-13
238.25 4.793463e-13
238.75 4.798652e-13
239.25 4.804279e-13
239.75 4.80721e-13
240.25 4.799167e-13
240.75 4.83615e-13
241.25 4.858362e-13
241.75 4.938314e-13
242.25 5.008881e-13
242.75 4.974024e-13
243.25 4.900904e-13
243.75 4.88435e-13
244.25 4.861358e-13
244.75 4.811989e-13
245.25 4.784911e-13
245.75 4.746597e-13
246.25 4.778758e-13
246.75 4.816035e-13
247.25 4.8005e-13
247.75 4.779677e-13
248.25 4.762876e-13
248.75 4.762643e-13
249.25 4.748863e-13
249.75 4.742363e-13
250.25 4.72774e-13
250.75 4.700799e-13
251.25 4.683058e-13
251.75 4.664947e-13
252.25 4.64553e-13
252.75 4.644063e-13
253.25 4.614992e-13
253.75 4.603341e-13
254.25 4.589427e-13
254.75 4.561266e-13
255.25 4.535132e-13
255.75 4.508249e-13
256.25 4.485195e-13
256.75 4.45319e-13
257.25 4.428648e-13
257.75 4.417349e-13
258.25 4.385426e-13
258.75 4.368942e-13
259.25 4.354336e-13
259.75 4.340255e-13
260.25 4.314299e-13
260.75 4.317611e-13
261.25 4.33009e-13
261.75 4.320126e-13
262.25 4.305848e-13
262.75 4.291213e-13
263.25 4.265411e-13
263.75 4.190213e-13
264.25 4.139595e-13
264.75 4.088902e-13
265.25 4.044526e-13
265.75 4.01786e-13
266.25 4.034924e-13
266.75 4.049726e-13
267.25 4.065228e-13
267.75 4.066368e-13
268.25 4.042474e-13
268.75 4.043634e-13
269.25 4.05551e-13
269.75 4.076745e-13
270.25 4.090408e-13
270.75 4.110076e-13
271.25 4.151981e-13
271.75 4.189491e-13
272.25 4.210519e-13
272.75 4.231365e-13
273.25 4.288166e-13
273.75 4.30852e-13
274.25 4.332684e-13
274.75 4.392385e-13
275.25 4.419969e-13
275.75 4.439439e-13
276.25 4.450882e-13
276.75 4.493527e-13
277.25 4.590437e-13
277.75 4.756571e-13
278.25 5.010541e-13
278.75 5.32825e-13
279.25 5.728232e-13
279.75 6.106169e-13
280.25 6.0844e-13
280.75 5.78129e-13
281.25 5.309746e-13
281.75 4.969913e-13
282.25 4.688899e-13
282.75 4.496087e-13
283.25 4.442861e-13
283.75 4.382535e-13
284.25 4.274371e-13
284.75 4.218702e-13
285.25 4.181819e-13
285.75 4.093767e-13
286.25 4.042891e-13
286.75 3.985052e-13
287.25 3.960291e-13
287.75 3.903092e-13
288.25 3.867914e-13
288.75 3.818574e-13
289.25 3.783885e-13
289.75 3.731557e-13
290.25 3.715153e-13
290.75 3.670469e-13
291.25 3.640207e-13
291.75 3.677049e-13
292.25 3.699579e-13
292.75 3.714937e-13
293.25 3.761544e-13
293.75 3.741801e-13
294.25 3.742945e-13
294.75 3.747511e-13
295.25 3.724512e-13
295.75 3.732494e-13
296.25 3.709657e-13
296.75 3.693763e-13
297.25 3.667775e-13
297.75 3.658848e-13
298.25 3.616259e-13
298.75 3.584011e-13
299.25 3.541914e-13
299.75 3.483396e-13
300.25 3.421922e-13
300.75 3.374094e-13
301.25 3.319958e-13
301.75 3.274723e-13
302.25 3.23305e-13
302.75 3.224997e-13
303.25 3.218935e-13
303.75 3.221668e-13
304.25 3.22469e-13
304.75 3.215732e-13
305.25 3.220649e-13
305.75 3.205314e-13
306.25 3.215633e-13
306.75 3.214717e-13
307.25 3.21379e-13
307.75 3.206521e-13
308.25 3.208747e-13
308.75 3.195218e-13
309.25 3.181759e-13
309.75 3.168371e-13
310.25 3.192427e-13
310.75 3.206998e-13
311.25 3.246216e-13
311.75 3.263574e-13
312.25 3.308477e-13
312.75 3.316296e-13
313.25 3.33627e-13
313.75 3.283008e-13
314.25 3.275605e-13
314.75 3.256128e-13
315.25 3.251841e-13
315.75 3.256585e-13
316.25 3.252291e-13
316.75 3.283864e-13
317.25 3.2765e-13
317.75 3.301827e-13
318.25 3.30034e-13
318.75 3.337205e-13
319.25 3.350292e-13
319.75 3.319296e-13
320.25 3.314786e-13
320.75 3.272406e-13
321.25 3.262227e-13
321.75 3.237616e-13
322.25 3.218917e-13
322.75 3.217585e-13
323.25 3.187555e-13
323.75 3.174857e-13
324.25 3.156519e-13
324.75 3.143964e-13
325.25 3.134305e-13
325.75 3.141642e-13
326.25 3.137653e-13
326.75 3.122441e-13
327.25 3.104509e-13
327.75 3.103417e-13
328.25 3.107881e-13
328.75 3.079018e-13
329.25 3.05308e-13
329.75 3.0328e-13
330.25 3.034619e-13
330.75 2.992565e-13
331.25 2.972609e-13
331.75 2.947312e-13
332.25 2.919438e-13
332.75 2.916086e-13
333.25 2.926238e-13
333.75 2.917477e-13
334.25 2.954372e-13
334.75 2.948228e-13
335.25 2.904765e-13
335.75 2.872185e-13
336.25 2.855695e-13
336.75 2.857796e-13
337.25 2.851964e-13
337.75 2.848782e-13
338.25 2.842987e-13
338.75 2.8346e-13
339.25 2.83667e-13
339.75 2.84391e-13
340.25 2.866633e-13
340.75 2.871136e-13
341.25 2.873026e-13
341.75 2.903129e-13
342.25 2.963755e-13
342.75 3.008705e-13
343.25 2.865088e-13
343.75 2.818703e-13
344.25 2.797873e-13
344.75 2.782196e-13
345.25 2.776658e-13
345.75 2.773649e-13
346.25 2.765644e-13
346.75 2.780114e-13
347.25 2.772114e-13
347.75 2.749274e-13
348.25 2.743857e-13
348.75 2.73846e-13
349.25 2.725709e-13
349.75 2.735076e-13
350.25 2.707723e-13
350.75 2.687824e-13
351.25 2.648589e-13
351.75 2.636218e-13
352.25 2.604579e-13
352.75 2.575517e-13
353.25 2.549011e-13
353.75 2.522645e-13
354.25 2.515529e-13
354.75 2.501297e-13
355.25 2.491885e-13
355.75 2.487254e-13
356.25 2.49445e-13
356.75 2.492174e-13
357.25 2.506344e-13
357.75 2.513397e-13
358.25 2.518066e-13
358.75 2.506393e-13
359.25 2.492452e-13
359.75 2.487845e-13
360.25 2.483254e-13
360.75 2.474072e-13
361.25 2.467228e-13
361.75 2.458121e-13
362.25 2.453625e-13
362.75 2.462814e-13
363.25 2.440134e-13
363.75 2.431165e-13
364.25 2.422236e-13
364.75 2.402079e-13
365.25 2.400001e-13
365.75 2.393444e-13
366.25 2.386914e-13
366.75 2.382639e-13
367.25 2.382824e-13
367.75 2.367481e-13
368.25 2.347792e-13
368.75 2.339225e-13
369.25 2.335093e-13
369.75 2.326589e-13
370.25 2.322497e-13
370.75 2.305331e-13
371.25 2.307827e-13
371.75 2.329824e-13
372.25 2.371165e-13
372.75 2.716509e-13
373.25 2.608097e-13
373.75 2.324271e-13
374.25 2.313784e-13
374.75 2.286267e-13
375.25 2.286565e-13
375.75 2.335691e-13
376.25 2.297722e-13
376.75 2.266282e-13
377.25 2.230787e-13
377.75 2.210179e-13
378.25 2.214817e-13
378.75 2.200614e-13
379.25 2.148959e-13
379.75 2.120437e-13
380.25 2.09413e-13
380.75 2.115517e-13
381.25 2.114097e-13
381.75 2.106505e-13
382.25 2.11536e-13
382.75 2.101652e-13
383.25 2.07372e-13
383.75 2.072391e-13
384.25 2.077153e-13
384.75 2.112262e-13
385.25 2.153241e-13
385.75 2.159751e-13
386.25 2.198371e-13
386.75 2.361051e-13
387.25 2.308978e-13
387.75 2.149492e-13
388.25 2.114127e-13
388.75 2.116627e-13
389.25 2.109214e-13
389.75 2.074203e-13
390.25 2.053143e-13
390.75 2.026294e-13
391.25 2.025035e-13
391.75 2.004242e-13
392.25 1.981599e-13
392.75 1.961009e-13
393.25 1.905816e-13
393.75 1.890344e-13
394.25 1.951901e-13
394.75 1.97197e-13
395.25 1.980417e-13
395.75 1.990729e-13
396.25 1.999074e-13
396.75 2.013084e-13
397.25 1.966225e-13
397.75 1.934755e-13
398.25 1.933681e-13
398.75 1.913751e-13
399.25 1.910841e-13
399.75 1.871732e-13
400.25 1.875106e-13
400.75 1.859416e-13
401.25 1.846964e-13
401.75 1.859272e-13
402.25 1.851133e-13
402.75 1.851899e-13
403.25 1.822421e-13
403.75 1.818829e-13
404.25 1.831944e-13
404.75 1.819918e-13
405.25 1.820724e-13
405.75 1.822795e-13
406.25 1.827393e-13
406.75 1.870016e-13
407.25 1.888925e-13
407.75 1.877083e-13
408.25 1.894073e-13
408.75 1.927123e-13
409.25 1.965376e-13
409.75 1.965939e-13
410.25 1.984306e-13
410.75 1.940386e-13
411.25 1.933898e-13
411.75 1.927436e-13
412.25 1.891011e-13
412.75 1.872355e-13
413.25 1.822184e-13
413.75 1.814281e-13
414.25 1.792433e-13
414.75 1.761972e-13
415.25 1.745561e-13
415.75 1.741365e-13
416.25 1.754487e-13
416.75 1.760636e-13
417.25 1.740921e-13
417.75 1.752217e-13
418.25 1.753172e-13
418.75 1.757536e-13
419.25 1.727762e-13
419.75 1.704932e-13
420.25 1.682205e-13
420.75 1.685491e-13
421.25 1.68825e-13
421.75 1.697227e-13
422.25 1.706662e-13
422.75 1.69424e-13
423.25 1.752159e-13
423.75 1.741348e-13
424.25 1.755568e-13
424.75 1.763069e-13
425.25 1.739032e-13
425.75 1.733296e-13
426.25 1.729232e-13
426.75 1.746582e-13
427.25 1.711293e-13
427.75 1.741702e-13
428.25 1.770331e-13
428.75 1.771097e-13
429.25 1.775108e-13
429.75 1.803445e-13
430.25 1.796017e-13
430.75 1.799929e-13
431.25 1.840893e-13
431.75 1.952427e-13
432.25 1.986421e-13
432.75 1.999443e-13
433.25 2.08427e-13
433.75 2.1448e-13
434.25 2.240021e-13
434.75 2.136531e-13
435.25 2.111052e-13
435.75 2.103053e-13
436.25 2.131315e-13
436.75 2.082432e-13
437.25 1.952227e-13
437.75 1.886756e-13
438.25 1.832504e-13
438.75 1.794068e-13
439.25 1.797755e-13
439.75 1.785918e-13
440.25 1.761756e-13
440.75 1.740785e-13
441.25 1.758399e-13
441.75 1.748275e-13
442.25 1.727464e-13
442.75 1.705212e-13
443.25 1.692212e-13
443.75 1.670131e-13
444.25 1.686121e-13
444.75 1.688395e-13
445.25 1.69519e-13
445.75 1.679319e-13
446.25 1.690612e-13
446.75 1.716872e-13
447.25 1.754999e-13
447.75 1.767531e-13
448.25 1.739717e-13
448.75 1.752218e-13
449.25 1.766145e-13
449.75 1.765185e-13
450.25 1.795279e-13
450.75 1.816382e-13
451.25 1.835916e-13
451.75 1.828916e-13
452.25 1.843929e-13
452.75 1.825233e-13
453.25 1.780348e-13
453.75 1.785163e-13
454.25 1.824822e-13
454.75 1.813563e-13
455.25 1.81826e-13
455.75 1.815716e-13
456.25 1.829021e-13
456.75 1.830767e-13
457.25 1.826765e-13
457.75 1.822777e-13
458.25 1.810235e-13
458.75 1.802018e-13
459.25 1.798096e-13
459.75 1.764402e-13
460.25 1.745003e-13
460.75 1.735569e-13
461.25 1.74449e-13
461.75 1.756181e-13
462.25 1.772027e-13
462.75 1.770999e-13
463.25 1.779751e-13
463.75 1.760582e-13
464.25 1.745664e-13
464.75 1.719702e-13
465.25 1.695233e-13
465.75 1.695741e-13
466.25 1.693485e-13
466.75 1.671969e-13
467.25 1.68899e-13
467.75 1.686752e-13
468.25 1.700926e-13
468.75 1.717765e-13
469.25 1.636502e-13
469.75 1.622152e-13
470.25 1.588879e-13
470.75 1.588211e-13
471.25 1.609141e-13
471.75 1.590914e-13
472.25 1.602334e-13
472.75 1.589557e-13
473.25 1.57683e-13
473.75 1.592203e-13
474.25 1.590181e-13
474.75 1.585503e-13
475.25 1.564913e-13
475.75 1.556327e-13
476.25 1.55967e-13
476.75 1.549805e-13
477.25 1.571568e-13
477.75 1.581415e-13
478.25 1.59646e-13
478.75 1.583971e-13
479.25 1.619826e-13
479.75 1.655527e-13
480.25 1.680678e-13
480.75 1.699235e-13
481.25 1.733244e-13
481.75 1.787777e-13
482.25 1.85626e-13
482.75 1.909018e-13
483.25 1.969257e-13
483.75 2.062551e-13
484.25 2.161847e-13
484.75 2.283695e-13
485.25 2.427953e-13
485.75 2.562719e-13
486.25 2.871902e-13
486.75 2.592691e-13
487.25 2.419427e-13
487.75 2.326258e-13
488.25 2.204541e-13
488.75 2.098377e-13
489.25 2.017691e-13
489.75 1.982326e-13
490.25 1.912175e-13
490.75 1.899567e-13
491.25 1.82862e-13
491.75 1.834821e-13
492.25 1.780369e-13
492.75 1.802687e-13
493.25 1.79657e-13
493.75 1.742514e-13
494.25 1.7304e-13
494.75 1.7465e-13
495.25 1.843203e-13
495.75 2.163958e-13
496.25 2.185164e-13
496.75 1.696018e-13
497.25 1.606523e-13
497.75 1.602087e-13
498.25 1.592835e-13
498.75 1.613747e-13
499.25 1.744024e-13
499.75 1.900186e-13
500.25 2.270156e-13
500.75 3.619022e-13
501.25 2.554633e-13
501.75 1.750505e-13
502.25 1.685222e-13
502.75 1.623753e-13
503.25 1.615793e-13
503.75 1.579509e-13
504.25 1.519784e-13
504.75 1.532071e-13
505.25 1.491461e-13
505.75 1.50961e-13
506.25 1.507799e-13
506.75 1.467467e-13
507.25 1.435447e-13
507.75 1.443087e-13
508.25 1.424002e-13
508.75 1.409621e-13
509.25 1.443847e-13
509.75 1.421402e-13
510.25 1.419769e-13
510.75 1.426185e-13
511.25 1.426837e-13
511.75 1.441221e-13
512.25 1.452119e-13
512.75 1.429904e-13
513.25 1.457847e-13
513.75 1.475456e-13
514.25 1.460118e-13
514.75 1.475386e-13
515.25 1.50753e-13
515.75 1.541801e-13
516.25 1.566938e-13
516.75 1.50665e-13
517.25 1.48581e-13
517.75 1.528794e-13
518.25 1.513567e-13
518.75 1.476116e-13
519.25 1.51775e-13
519.75 1.542576e-13
520.25 1.544043e-13
520.75 1.501281e-13
521.25 1.490678e-13
521.75 1.505443e-13
522.25 1.502562e-13
522.75 1.479942e-13
523.25 1.495729e-13
523.75 1.519104e-13
524.25 1.538023e-13
524.75 1.530739e-13
525.25 1.512613e-13
525.75 1.51516e-13
526.25 1.523108e-13
526.75 1.473757e-13
527.25 1.497924e-13
527.75 1.53276e-13
528.25 1.539529e-13
528.75 1.565571e-13
529.25 1.570106e-13
529.75 1.550052e-13
530.25 1.510877e-13
530.75 1.547409e-13
531.25 1.569991e-13
531.75 1.559619e-13
532.25 1.538699e-13
532.75 1.495674e-13
533.25 1.491817e-13
533.75 1.49218e-13
534.25 1.461029e-13
534.75 1.460395e-13
535.25 1.463946e-13
535.75 1.474793e-13
536.25 1.481427e-13
536.75 1.471384e-13
537.25 1.430217e-13
537.75 1.434815e-13
538.25 1.413524e-13
538.75 1.412968e-13
539.25 1.400039e-13
539.75 1.388185e-13
540.25 1.386644e-13
540.75 1.361525e-13
541.25 1.376408e-13
541.75 1.411663e-13
542.25 1.416198e-13
542.75 1.408501e-13
543.25 1.373403e-13
543.75 1.380004e-13
544.25 1.397711e-13
544.75 1.369891e-13
545.25 1.357296e-13
545.75 1.353803e-13
546.25 1.365392e-13
546.75 1.355875e-13
547.25 1.34439e-13
547.75 1.329946e-13
548.25 1.329516e-13
548.75 1.344019e-13
549.25 1.335611e-13
549.75 1.341118e-13
550.25 1.355514e-13
550.75 1.364914e-13
551.25 1.346654e-13
551.75 1.353078e-13
552.25 1.376186e-13
552.75 1.361923e-13
553.25 1.384928e-13
553.75 1.383406e-13
554.25 1.391646e-13
554.75 1.38719e-13
555.25 1.386638e-13
555.75 1.373467e-13
556.25 1.351621e-13
556.75 1.344358e-13
557.25 1.344843e-13
557.75 1.337615e-13
558.25 1.352535e-13
558.75 1.32995e-13
559.25 1.318946e-13
559.75 1.303196e-13
560.25 1.320928e-13
560.75 1.315713e-13
561.25 1.338115e-13
561.75 1.311983e-13
562.25 1.322927e-13
562.75 1.334777e-13
563.25 1.350363e-13
563.75 1.330046e-13
564.25 1.301325e-13
564.75 1.310301e-13
565.25 1.338009e-13
565.75 1.323469e-13
566.25 1.306173e-13
566.75 1.304803e-13
567.25 1.342566e-13
567.75 1.335552e-13
568.25 1.325776e-13
568.75 1.337347e-13
569.25 1.309095e-13
569.75 1.332657e-13
570.25 1.341384e-13
570.75 1.314187e-13
571.25 1.309131e-13
571.75 1.373789e-13
572.25 1.379629e-13
572.75 1.371738e-13
573.25 1.341065e-13
573.75 1.348747e-13
574.25 1.320944e-13
574.75 1.351318e-13
575.25 1.37343e-13
575.75 1.35115e-13
576.25 1.349709e-13
576.75 1.328443e-13
577.25 1.347735e-13
577.75 1.33732e-13
578.25 1.316181e-13
578.75 1.318383e-13
579.25 1.337551e-13
579.75 1.352192e-13
580.25 1.383698e-13
580.75 1.375095e-13
581.25 1.376279e-13
581.75 1.370371e-13
582.25 1.383936e-13
582.75 1.385976e-13
583.25 1.408277e-13
583.75 1.416422e-13
584.25 1.413999e-13
584.75 1.416843e-13
585.25 1.451184e-13
585.75 1.426863e-13
586.25 1.437514e-13
586.75 1.47251e-13
587.25 1.537809e-13
587.75 1.559493e-13
588.25 1.502263e-13
588.75 1.474631e-13
589.25 1.38147e-13
589.75 1.395506e-13
590.25 1.396585e-13
590.75 1.443187e-13
591.25 1.415019e-13
591.75 1.386945e-13
592.25 1.386313e-13
592.75 1.388242e-13
593.25 1.390162e-13
593.75 1.352106e-13
594.25 1.364263e-13
594.75 1.370446e-13
595.25 1.353761e-13
595.75 1.351489e-13
596.25 1.359343e-13
596.75 1.372219e-13
597.25 1.362358e-13
597.75 1.365954e-13
598.25 1.331841e-13
598.75 1.341325e-13
599.25 1.352445e-13
599.75 1.362693e-13
600.25 1.337958e-13
600.75 1.316626e-13
601.25 1.307803e-13
601.75 1.294867e-13
602.25 1.312555e-13
602.75 1.306253e-13
603.25 1.322212e-13
603.75 1.343051e-13
604.25 1.33344e-13
604.75 1.345991e-13
605.25 1.360135e-13
605.75 1.337465e-13
606.25 1.345864e-13
606.75 1.344461e-13
607.25 1.354443e-13
607.75 1.38387e-13
608.25 1.401853e-13
608.75 1.413304e-13
609.25 1.354449e-13
609.75 1.327232e-13
610.25 1.325058e-13
610.75 1.323693e-13
611.25 1.33196e-13
611.75 1.332987e-13
612.25 1.323613e-13
612.75 1.321454e-13
613.25 1.316909e-13
613.75 1.316356e-13
614.25 1.322159e-13
614.75 1.325562e-13
615.25 1.331328e-13
615.75 1.307027e-13
616.25 1.296224e-13
616.75 1.289394e-13
617.25 1.293601e-13
617.75 1.297007e-13
618.25 1.321577e-13
618.75 1.301431e-13
619.25 1.296204e-13
619.75 1.286308e-13
620.25 1.296703e-13
620.75 1.290725e-13
621.25 1.305737e-13
621.75 1.279597e-13
622.25 1.266701e-13
622.75 1.298681e-13
623.25 1.304316e-13
623.75 1.300685e-13
624.25 1.316296e-13
624.75 1.311886e-13
625.25 1.289083e-13
625.75 1.27554e-13
626.25 1.289556e-13
626.75 1.302763e-13
627.25 1.303735e-13
627.75 1.306984e-13
628.25 1.31326e-13
628.75 1.318756e-13
629.25 1.324232e-13
629.75 1.377313e-13
630.25 1.483056e-13
630.75 1.369182e-13
631.25 1.345196e-13
631.75 1.330297e-13
632.25 1.314695e-13
632.75 1.337328e-13
633.25 1.35615e-13
633.75 1.339828e-13
634.25 1.354112e-13
634.75 1.333378e-13
635.25 1.390712e-13
635.75 1.377399e-13
636.25 1.384122e-13
636.75 1.423356e-13
637.25 1.43515e-13
637.75 1.408577e-13
638.25 1.39386e-13
638.75 1.379187e-13
639.25 1.3851e-13
639.75 1.359496e-13
640.25 1.375658e-13
640.75 1.391766e-13
641.25 1.388868e-13
641.75 1.3918e-13
642.25 1.395448e-13
642.75 1.434641e-13
643.25 1.410675e-13
643.75 1.438145e-13
644.25 1.464805e-13
644.75 1.458928e-13
645.25 1.453068e-13
645.75 1.480295e-13
646.25 1.490208e-13
646.75 1.535925e-13
647.25 1.56003e-13
647.75 1.589061e-13
648.25 1.618714e-13
648.75 1.617645e-13
649.25 1.667072e-13
649.75 1.669478e-13
650.25 1.730724e-13
650.75 1.849122e-13
651.25 1.944535e-13
651.75 2.089763e-13
652.25 2.227496e-13
652.75 2.422501e-13
653.25 2.576862e-13
653.75 2.799491e-13
654.25 3.156609e-13
654.75 3.72872e-13
655.25 4.238336e-13
655.75 4.738026e-13
656.25 5.861999e-13
656.75 5.839871e-13
657.25 4.350686e-13
657.75 3.998295e-13
658.25 4.273131e-13
658.75 4.313625e-13
659.25 3.192374e-13
659.75 2.662709e-13
660.25 2.44205e-13
660.75 2.253642e-13
661.25 2.118594e-13
661.75 2.047619e-13
662.25 1.905766e-13
662.75 1.840099e-13
663.25 1.748049e-13
663.75 1.700505e-13
664.25 1.659217e-13
664.75 1.624158e-13
665.25 1.590556e-13
665.75 1.534057e-13
666.25 1.540535e-13
666.75 1.516646e-13
667.25 1.498886e-13
667.75 1.49597e-13
668.25 1.462851e-13
668.75 1.449268e-13
669.25 1.426354e-13
669.75 1.424894e-13
670.25 1.380059e-13
670.75 1.409987e-13
671.25 1.408552e-13
671.75 1.682831e-13
672.25 1.595417e-13
672.75 1.477128e-13
673.25 1.670711e-13
673.75 1.481332e-13
674.25 1.321528e-13
674.75 1.306401e-13
675.25 1.28277e-13
675.75 1.288094e-13
676.25 1.311757e-13
676.75 1.313746e-13
677.25 1.301349e-13
677.75 1.296819e-13
678.25 1.317717e-13
678.75 1.287795e-13
679.25 1.278753e-13
679.75 1.2892e-13
680.25 1.276939e-13
680.75 1.274417e-13
681.25 1.268671e-13
681.75 1.261006e-13
682.25 1.281057e-13
682.75 1.274036e-13
683.25 1.279878e-13
683.75 1.285061e-13
684.25 1.250528e-13
684.75 1.235915e-13
685.25 1.283272e-13
685.75 1.248888e-13
686.25 1.252798e-13
686.75 1.237626e-13
687.25 1.238364e-13
687.75 1.268889e-13
688.25 1.26135e-13
688.75 1.267103e-13
689.25 1.266527e-13
689.75 1.269733e-13
690.25 1.284254e-13
690.75 1.244696e-13
691.25 1.261719e-13
691.75 1.261775e-13
692.25 1.273716e-13
692.75 1.252512e-13
693.25 1.249459e-13
693.75 1.263231e-13
694.25 1.262656e-13
694.75 1.247175e-13
695.25 1.253444e-13
695.75 1.260933e-13
696.25 1.273347e-13
696.75 1.275225e-13
697.25 1.322113e-13
697.75 1.269725e-13
698.25 1.275286e-13
698.75 1.271005e-13
699.25 1.286969e-13
699.75 1.28758e-13
700.25 1.269846e-13
700.75 1.280855e-13
701.25 1.272323e-13
701.75 1.277207e-13
702.25 1.277821e-13
702.75 1.289965e-13
703.25 1.263278e-13
703.75 1.281459e-13
704.25 1.31349e-13
704.75 1.338185e-13
705.25 1.337494e-13
705.75 1.321756e-13
706.25 1.345129e-13
706.75 1.328221e-13
707.25 1.334735e-13
707.75 1.30472e-13
708.25 1.307062e-13
708.75 1.273588e-13
709.25 1.270601e-13
709.75 1.239055e-13
710.25 1.230774e-13
710.75 1.276519e-13
711.25 1.231464e-13
711.75 1.192452e-13
712.25 1.235691e-13
712.75 1.219795e-13
713.25 1.238121e-13
713.75 1.277581e-13
714.25 1.242296e-13
714.75 1.227062e-13
715.25 1.209524e-13
715.75 1.219539e-13
716.25 1.198553e-13
716.75 1.212054e-13
717.25 1.223185e-13
717.75 1.210424e-13
718.25 1.181427e-13
718.75 1.177462e-13
719.25 1.18278e-13
719.75 1.192133e-13
720.25 1.207237e-13
720.75 1.215374e-13
721.25 1.191213e-13
721.75 1.22582e-13
722.25 1.196538e-13
722.75 1.187422e-13
723.25 1.221887e-13
723.75 1.250533e-13
724.25 1.229374e-13
724.75 1.238523e-13
725.25 1.224846e-13
725.75 1.214622e-13
726.25 1.211245e-13
726.75 1.223201e-13
727.25 1.239092e-13
727.75 1.222106e-13
728.25 1.228908e-13
728.75 1.188271e-13
729.25 1.191716e-13
729.75 1.217668e-13
730.25 1.272782e-13
730.75 1.264865e-13
731.25 1.259772e-13
731.75 1.278767e-13
732.25 1.308891e-13
732.75 1.244011e-13
733.25 1.267407e-13
733.75 1.260112e-13
734.25 1.267293e-13
734.75 1.246133e-13
735.25 1.228911e-13
735.75 1.228903e-13
736.25 1.215067e-13
736.75 1.242138e-13
737.25 1.23549e-13
737.75 1.243179e-13
738.25 1.205192e-13
738.75 1.213449e-13
739.25 1.231557e-13
739.75 1.243588e-13
740.25 1.278564e-13
740.75 1.245696e-13
741.25 1.228739e-13
741.75 1.208012e-13
742.25 1.251006e-13
742.75 1.212369e-13
743.25 1.247099e-13
743.75 1.223744e-13
744.25 1.224266e-13
744.75 1.265322e-13
745.25 1.25013e-13
745.75 1.278642e-13
746.25 1.25055e-13
746.75 1.25264e-13
747.25 1.228951e-13
747.75 1.210151e-13
748.25 1.257796e-13
748.75 1.241144e-13
749.25 1.219195e-13
749.75 1.250102e-13
750.25 1.247903e-13
750.75 1.23188e-13
751.25 1.17181e-13
751.75 1.224361e-13
752.25 1.239687e-13
752.75 1.246506e-13
753.25 1.213678e-13
753.75 1.244256e-13
754.25 1.178843e-13
754.75 1.267801e-13
755.25 1.233537e-13
755.75 1.23348e-13
756.25 1.230802e-13
756.75 1.276291e-13
757.25 1.220234e-13
757.75 1.2275e-13
758.25 1.244132e-13
758.75 1.212289e-13
759.25 1.230975e-13
759.75 1.21741e-13
760.25 1.229814e-13
760.75 1.201779e-13
761.25 1.188303e-13
761.75 1.197593e-13
762.25 1.175899e-13
762.75 1.229495e-13
763.25 1.222224e-13
763.75 1.211373e-13
764.25 1.236992e-13
764.75 1.209745e-13
765.25 1.172329e-13
765.75 1.175911e-13
766.25 1.155485e-13
766.75 1.123382e-13
767.25 1.182522e-13
767.75 1.187085e-13
768.25 1.196207e-13
768.75 1.241322e-13
769.25 1.15105e-13
769.75 1.169793e-13
770.25 1.169791e-13
770.75 1.182909e-13
771.25 1.191959e-13
771.75 1.164241e-13
772.25 1.170777e-13
772.75 1.173781e-13
773.25 1.183295e-13
773.75 1.243858e-13
774.25 1.167237e-13
774.75 1.188207e-13
775.25 1.182684e-13
775.75 1.19212e-13
776.25 1.135856e-13
776.75 1.185077e-13
777.25 1.183057e-13
777.75 1.189466e-13
778.25 1.244365e-13
778.75 1.197288e-13
779.25 1.209082e-13
779.75 1.197671e-13
780.25 1.137536e-13
780.75 1.161162e-13
781.25 1.176376e-13
781.75 1.219021e-13
782.25 1.209135e-13
782.75 1.216887e-13
783.25 1.165489e-13
783.75 1.176692e-13
784.25 1.244894e-13
784.75 1.163472e-13
785.25 1.155184e-13
785.75 1.156142e-13
786.25 1.251178e-13
786.75 1.205998e-13
787.25 1.161899e-13
787.75 1.175884e-13
788.25 1.18935e-13
788.75 1.295784e-13
789.25 1.242166e-13
789.75 1.186278e-13
790.25 1.188618e-13
790.75 1.187115e-13
791.25 1.145872e-13
791.75 1.174076e-13
792.25 1.184057e-13
792.75 1.170161e-13
793.25 1.135813e-13
793.75 1.148657e-13
794.25 1.207566e-13
794.75 1.136276e-13
795.25 1.133425e-13
795.75 1.174611e-13
796.25 1.199143e-13
796.75 1.128217e-13
797.25 1.215475e-13
797.75 1.1692e-13
798.25 1.158326e-13
798.75 1.14184e-13
799.25 1.152614e-13
799.75 1.212575e-13
800.00 1.162164e-13
800.50 1.161649e-13
801.00 1.161601e-13
801.50 1.161085e-13
802.00 1.16057e-13
802.50 1.160521e-13
803.00 1.160006e-13
803.50 1.159491e-13
804.00 1.159441e-13
804.50 1.158927e-13
805.00 1.158413e-13
805.50 1.158361e-13
806.00 1.157847e-13
806.50 1.157334e-13
807.00 1.157281e-13
807.50 1.156768e-13
808.00 1.156255e-13
808.50 1.156201e-13
809.00 1.155689e-13
809.50 1.155177e-13
810.00 1.155122e-13
810.50 1.15461e-13
811.00 1.154098e-13
811.50 1.154042e-13
812.00 1.153531e-13
812.50 1.15302e-13
813.00 1.152962e-13
813.50 1.152452e-13
814.00 1.151941e-13
814.50 1.151883e-13
815.00 1.151373e-13
815.50 1.151314e-13
816.00 1.150804e-13
816.50 1.150294e-13
817.00 1.150234e-13
817.50 1.149725e-13
818.00 1.149215e-13
818.50 1.149154e-13
819.00 1.148646e-13
819.50 1.148137e-13
820.00 1.148075e-13
820.50 1.147567e-13
821.00 1.147059e-13
821.50 1.146996e-13
822.00 1.146488e-13
822.50 1.145981e-13
823.00 1.145917e-13
823.50 1.14541e-13
824.00 1.145345e-13
824.50 1.144838e-13
825.00 1.144332e-13
825.50 1.144266e-13
826.00 1.14376e-13
826.50 1.143254e-13
827.00 1.143187e-13
827.50 1.142682e-13
828.00 1.142176e-13
828.50 1.142109e-13
829.00 1.141604e-13
829.50 1.141535e-13
830.00 1.14103e-13
830.50 1.140526e-13
831.00 1.140457e-13
831.50 1.139953e-13
832.00 1.139449e-13
832.50 1.139378e-13
833.00 1.138875e-13
833.50 1.138804e-13
834.00 1.138301e-13
834.50 1.137798e-13
835.00 1.137726e-13
835.50 1.137223e-13
836.00 1.136721e-13
836.50 1.136648e-13
837.00 1.136146e-13
837.50 1.136073e-13
838.00 1.135571e-13
838.50 1.13507e-13
839.00 1.134995e-13
839.50 1.134494e-13
840.00 1.133994e-13
840.50 1.133918e-13
841.00 1.133418e-13
841.50 1.133342e-13
842.00 1.132842e-13
842.50 1.132342e-13
843.00 1.132265e-13
843.50 1.131766e-13
844.00 1.131688e-13
844.50 1.131189e-13
845.00 1.13069e-13
845.50 1.130611e-13
846.00 1.130113e-13
846.50 1.129615e-13
847.00 1.129536e-13
847.50 1.129038e-13
848.00 1.128958e-13
848.50 1.12846e-13
849.00 1.127963e-13
849.50 1.127882e-13
850.00 1.127386e-13
850.50 1.127304e-13
851.00 1.126807e-13
851.50 1.126311e-13
852.00 1.126229e-13
852.50 1.125733e-13
853.00 1.12565e-13
853.50 1.125155e-13
854.00 1.124659e-13
854.50 1.124575e-13
855.00 1.124081e-13
855.50 1.123996e-13
856.00 1.123502e-13
856.50 1.123008e-13
857.00 1.122922e-13
857.50 1.122428e-13
858.00 1.122342e-13
858.50 1.121849e-13
859.00 1.121762e-13
859.50 1.121269e-13
860.00 1.120776e-13
860.50 1.120689e-13
861.00 1.120196e-13
861.50 1.120108e-13
862.00 1.119616e-13
862.50 1.119124e-13
863.00 1.119036e-13
863.50 1.118544e-13
864.00 1.118455e-13
864.50 1.117964e-13
865.00 1.117473e-13
865.50 1.117383e-13
866.00 1.116892e-13
866.50 1.116802e-13
867.00 1.116312e-13
867.50 1.11622e-13
868.00 1.11573e-13
868.50 1.115241e-13
869.00 1.115149e-13
869.50 1.11466e-13
870.00 1.114567e-13
870.50 1.114079e-13
871.00 1.113985e-13
871.50 1.113497e-13
872.00 1.113009e-13
872.50 1.112915e-13
873.00 1.112427e-13
873.50 1.112333e-13
874.00 1.111845e-13
874.50 1.11175e-13
875.00 1.111263e-13
875.50 1.110777e-13
876.00 1.110681e-13
876.50 1.110195e-13
877.00 1.110098e-13
877.50 1.109612e-13
878.00 1.109516e-13
878.50 1.10903e-13
879.00 1.108545e-13
879.50 1.108447e-13
880.00 1.107962e-13
880.50 1.107864e-13
881.00 1.10738e-13
881.50 1.107281e-13
882.00 1.106797e-13
882.50 1.106698e-13
883.00 1.106214e-13
883.50 1.10573e-13
884.00 1.105631e-13
884.50 1.105148e-13
885.00 1.105047e-13
885.50 1.104565e-13
886.00 1.104464e-13
886.50 1.103981e-13
887.00 1.10388e-13
887.50 1.103398e-13
888.00 1.102916e-13
888.50 1.102814e-13
889.00 1.102333e-13
889.50 1.102231e-13
890.00 1.10175e-13
890.50 1.101647e-13
891.00 1.101166e-13
891.50 1.101063e-13
892.00 1.100582e-13
892.50 1.100479e-13
893.00 1.099999e-13
893.50 1.099519e-13
894.00 1.099415e-13
894.50 1.098935e-13
895.00 1.09883e-13
895.50 1.098351e-13
896.00 1.098246e-13
896.50 1.097768e-13
897.00 1.097662e-13
897.50 1.097183e-13
898.00 1.097077e-13
898.50 1.096599e-13
899.00 1.096493e-13
899.50 1.096015e-13
900.00 1.095538e-13
900.50 1.095431e-13
901.00 1.094954e-13
901.50 1.094846e-13
902.00 1.09437e-13
902.50 1.094262e-13
903.00 1.093786e-13
903.50 1.093677e-13
904.00 1.093201e-13
904.50 1.093092e-13
905.00 1.092617e-13
905.50 1.092507e-13
906.00 1.092032e-13
906.50 1.091922e-13
907.00 1.091448e-13
907.50 1.091337e-13
908.00 1.090863e-13
908.50 1.090752e-13
909.00 1.090278e-13
909.50 1.089805e-13
910.00 1.089694e-13
910.50 1.08922e-13
911.00 1.089109e-13
911.50 1.088636e-13
912.00 1.088524e-13
912.50 1.088051e-13
913.00 1.087939e-13
913.50 1.087467e-13
914.00 1.087354e-13
914.50 1.086882e-13
915.00 1.086769e-13
915.50 1.086298e-13
916.00 1.086184e-13
916.50 1.085713e-13
917.00 1.085599e-13
917.50 1.085128e-13
918.00 1.085014e-13
918.50 1.084543e-13
919.00 1.084428e-13
919.50 1.083959e-13
920.00 1.083843e-13
920.50 1.083374e-13
921.00 1.083258e-13
921.50 1.082789e-13
922.00 1.082673e-13
922.50 1.082204e-13
923.00 1.082088e-13
923.50 1.081619e-13
924.00 1.081502e-13
924.50 1.081034e-13
925.00 1.080917e-13
925.50 1.08045e-13
926.00 1.080332e-13
926.50 1.079865e-13
927.00 1.079747e-13
927.50 1.07928e-13
928.00 1.079162e-13
928.50 1.078695e-13
929.00 1.078576e-13
929.50 1.07811e-13
930.00 1.077991e-13
930.50 1.077525e-13
931.00 1.077406e-13
931.50 1.076941e-13
932.00 1.076821e-13
932.50 1.076356e-13
933.00 1.076236e-13
933.50 1.075771e-13
934.00 1.075651e-13
934.50 1.075187e-13
935.00 1.075066e-13
935.50 1.074602e-13
936.00 1.074481e-13
936.50 1.074017e-13
937.00 1.073896e-13
937.50 1.073433e-13
938.00 1.073311e-13
938.50 1.072848e-13
939.00 1.072726e-13
939.50 1.072604e-13
940.00 1.072141e-13
940.50 1.072019e-13
941.00 1.071557e-13
941.50 1.071434e-13
942.00 1.070972e-13
942.50 1.070849e-13
943.00 1.070388e-13
943.50 1.070264e-13
944.00 1.069803e-13
944.50 1.069679e-13
945.00 1.069219e-13
945.50 1.069094e-13
946.00 1.068634e-13
946.50 1.068509e-13
947.00 1.06805e-13
947.50 1.067925e-13
948.00 1.067466e-13
948.50 1.06734e-13
949.00 1.067215e-13
949.50 1.066756e-13
950.00 1.06663e-13
950.50 1.066172e-13
951.00 1.066045e-13
951.50 1.065588e-13
952.00 1.065461e-13
952.50 1.065004e-13
953.00 1.064877e-13
953.50 1.06442e-13
954.00 1.064292e-13
954.50 1.063836e-13
955.00 1.063708e-13
955.50 1.06358e-13
956.00 1.063124e-13
956.50 1.062996e-13
957.00 1.06254e-13
957.50 1.062412e-13
958.00 1.061956e-13
958.50 1.061828e-13
959.00 1.061373e-13
959.50 1.061244e-13
960.00 1.060789e-13
960.50 1.06066e-13
961.00 1.06053e-13
961.50 1.060076e-13
962.00 1.059946e-13
962.50 1.059493e-13
963.00 1.059362e-13
963.50 1.058909e-13
964.00 1.058779e-13
964.50 1.058326e-13
965.00 1.058195e-13
965.50 1.057743e-13
966.00 1.057612e-13
966.50 1.057481e-13
967.00 1.057029e-13
967.50 1.056897e-13
968.00 1.056445e-13
968.50 1.056314e-13
969.00 1.055862e-13
969.50 1.055731e-13
970.00 1.055598e-13
970.50 1.055147e-13
971.00 1.055015e-13
971.50 1.054565e-13
972.00 1.054432e-13
972.50 1.053982e-13
973.00 1.053849e-13
973.50 1.053399e-13
974.00 1.053266e-13
974.50 1.053133e-13
975.00 1.052683e-13
975.50 1.05255e-13
976.00 1.052101e-13
976.50 1.051967e-13
977.00 1.051519e-13
977.50 1.051385e-13
978.00 1.05125e-13
978.50 1.050802e-13
979.00 1.050668e-13
979.50 1.05022e-13
980.00 1.050085e-13
980.50 1.049638e-13
981.00 1.049503e-13
981.50 1.049368e-13
982.00 1.048921e-13
982.50 1.048785e-13
983.00 1.048339e-13
983.50 1.048203e-13
984.00 1.047758e-13
984.50 1.047622e-13
985.00 1.047485e-13
985.50 1.04704e-13
986.00 1.046903e-13
986.50 1.046459e-13
987.00 1.046322e-13
987.50 1.046185e-13
988.00 1.045741e-13
988.50 1.045603e-13
989.00 1.045159e-13
989.50 1.045022e-13
990.00 1.044578e-13
990.50 1.044441e-13
991.00 1.044303e-13
991.50 1.04386e-13
992.00 1.043722e-13
992.50 1.043279e-13
993.00 1.043141e-13
993.50 1.043002e-13
994.00 1.04256e-13
994.50 1.042421e-13
995.00 1.04198e-13
995.50 1.041841e-13
996.00 1.041702e-13
996.50 1.04126e-13
997.00 1.041121e-13
997.50 1.04068e-13
998.00 1.040541e-13
998.50 1.040401e-13
999.00 1.03996e-13
999.50 1.03982e-13
1000.00 1.03938e-13
1000.50 1.03924e-13
1001.00 1.0391e-13
1001.50 1.03866e-13
1002.00 1.03852e-13
1002.50 1.038081e-13
1003.00 1.03794e-13
1003.50 1.037799e-13
1004.00 1.037361e-13
1004.50 1.037219e-13
1005.00 1.036781e-13
1005.50 1.03664e-13
1006.00 1.036499e-13
1006.50 1.036061e-13
1007.00 1.035919e-13
1007.50 1.035482e-13
1008.00 1.03534e-13
1008.50 1.035198e-13
1009.00 1.034761e-13
1009.50 1.034619e-13
1010.00 1.034476e-13
1010.50 1.03404e-13
1011.00 1.033898e-13
1011.50 1.033462e-13
1012.00 1.033319e-13
1012.50 1.033176e-13
1013.00 1.032741e-13
1013.50 1.032597e-13
1014.00 1.032162e-13
1014.50 1.032019e-13
1015.00 1.031876e-13
1015.50 1.031441e-13
1016.00 1.031297e-13
1016.50 1.031154e-13
1017.00 1.03072e-13
1017.50 1.030576e-13
1018.00 1.030142e-13
1018.50 1.029998e-13
1019.00 1.029853e-13
1019.50 1.02942e-13
1020.00 1.029276e-13
1020.50 1.029131e-13
1021.00 1.028699e-13
1021.50 1.028554e-13
1022.00 1.028122e-13
1022.50 1.027977e-13
1023.00 1.027831e-13
1023.50 1.0274e-13
1024.00 1.027254e-13
1024.50 1.027109e-13
1025.00 1.026678e-13
1025.50 1.026532e-13
1026.00 1.026101e-13
1026.50 1.025955e-13
1027.00 1.025809e-13
1027.50 1.025379e-13
1028.00 1.025233e-13
1028.50 1.025087e-13
1029.00 1.024657e-13
1029.50 1.024511e-13
1030.00 1.024364e-13
1030.50 1.023935e-13
1031.00 1.023788e-13
1031.50 1.023359e-13
1032.00 1.023212e-13
1032.50 1.023065e-13
1033.00 1.022637e-13
1033.50 1.02249e-13
1034.00 1.022342e-13
1034.50 1.021914e-13
1035.00 1.021767e-13
1035.50 1.021619e-13
1036.00 1.021192e-13
1036.50 1.021044e-13
1037.00 1.020896e-13
1037.50 1.020469e-13
1038.00 1.020321e-13
1038.50 1.020173e-13
1039.00 1.019747e-13
1039.50 1.019598e-13
1040.00 1.019172e-13
1040.50 1.019024e-13
1041.00 1.018875e-13
1041.50 1.01845e-13
1042.00 1.018301e-13
1042.50 1.018152e-13
1043.00 1.017727e-13
1043.50 1.017578e-13
1044.00 1.017429e-13
1044.50 1.017005e-13
1045.00 1.016855e-13
1045.50 1.016706e-13
1046.00 1.016282e-13
1046.50 1.016132e-13
1047.00 1.015982e-13
1047.50 1.015559e-13
1048.00 1.015409e-13
1048.50 1.015259e-13
1049.00 1.014836e-13
1049.50 1.014686e-13
1050.00 1.014536e-13
1050.50 1.014114e-13
1051.00 1.013963e-13
1051.50 1.013812e-13
1052.00 1.013391e-13
1052.50 1.01324e-13
1053.00 1.013089e-13
1053.50 1.012668e-13
1054.00 1.012517e-13
1054.50 1.012366e-13
1055.00 1.011945e-13
1055.50 1.011794e-13
1056.00 1.011643e-13
1056.50 1.011222e-13
1057.00 1.011071e-13
1057.50 1.010919e-13
1058.00 1.0105e-13
1058.50 1.010348e-13
1059.00 1.010196e-13
1059.50 1.009777e-13
1060.00 1.009625e-13
1060.50 1.009473e-13
1061.00 1.009054e-13
1061.50 1.008902e-13
1062.00 1.00875e-13
1062.50 1.008332e-13
1063.00 1.008179e-13
1063.50 1.008027e-13
1064.00 1.007874e-13
1064.50 1.007457e-13
1065.00 1.007304e-13
1065.50 1.007151e-13
1066.00 1.006734e-13
1066.50 1.006581e-13
1067.00 1.006428e-13
1067.50 1.006011e-13
1068.00 1.005858e-13
1068.50 1.005705e-13
1069.00 1.005289e-13
1069.50 1.005135e-13
1070.00 1.004982e-13
1070.50 1.004566e-13
1071.00 1.004413e-13
1071.50 1.004259e-13
1072.00 1.004105e-13
1072.50 1.00369e-13
1073.00 1.003536e-13
1073.50 1.003382e-13
1074.00 1.002968e-13
1074.50 1.002813e-13
1075.00 1.002659e-13
1075.50 1.002245e-13
1076.00 1.002091e-13
1076.50 1.001936e-13
1077.00 1.001523e-13
1077.50 1.001369e-13
1078.00 1.001214e-13
1078.50 1.001059e-13
1079.00 1.000646e-13
1079.50 1.000491e-13
1080.00 1.000336e-13
1080.50 9.999243e-14
1081.00 9.997691e-14
1081.50 9.996138e-14
1082.00 9.992023e-14
1082.50 9.99047e-14
1083.00 9.988916e-14
1083.50 9.98736e-14
1084.00 9.983251e-14
1084.50 9.981694e-14
1085.00 9.980137e-14
1085.50 9.976033e-14
1086.00 9.974475e-14
1086.50 9.972916e-14
1087.00 9.971355e-14
1087.50 9.967258e-14
1088.00 9.965696e-14
1088.50 9.964134e-14
1089.00 9.960042e-14
1089.50 9.958479e-14
1090.00 9.956915e-14
1090.50 9.955349e-14
1091.00 9.951264e-14
1091.50 9.949698e-14
1092.00 9.948131e-14
1092.50 9.94405e-14
1093.00 9.942483e-14
1093.50 9.940914e-14
1094.00 9.939344e-14
1094.50 9.93527e-14
1095.00 9.9337e-14
1095.50 9.932128e-14
1096.00 9.92806e-14
1096.50 9.926488e-14
1097.00 9.924915e-14
1097.50 9.92334e-14
1098.00 9.919278e-14
1098.50 9.917703e-14
1099.00 9.916127e-14
1099.50 9.91455e-14
1100.00 9.910494e-14
1100.50 9.908917e-14
1101.00 9.907339e-14
1101.50 9.903288e-14
1102.00 9.901709e-14
1102.50 9.900129e-14
1103.00 9.898548e-14
1103.50 9.894504e-14
1104.00 9.892923e-14
1104.50 9.89134e-14
1105.00 9.889757e-14
1105.50 9.885719e-14
1106.00 9.884135e-14
1106.50 9.88255e-14
1107.00 9.880964e-14
1107.50 9.876932e-14
1108.00 9.875346e-14
1108.50 9.873759e-14
1109.00 9.869733e-14
1109.50 9.868145e-14
1110.00 9.866556e-14
1110.50 9.864967e-14
1111.00 9.860947e-14
1111.50 9.859357e-14
1112.00 9.857766e-14
1112.50 9.856174e-14
1113.00 9.85216e-14
1113.50 9.850568e-14
1114.00 9.848975e-14
1114.50 9.847381e-14
1115.00 9.843374e-14
1115.50 9.841779e-14
1116.00 9.840184e-14
1116.50 9.838587e-14
1117.00 9.834586e-14
1117.50 9.83299e-14
1118.00 9.831392e-14
1118.50 9.829793e-14
1119.00 9.825799e-14
1119.50 9.8242e-14
1120.00 9.8226e-14
1120.50 9.821e-14
1121.00 9.817012e-14
1121.50 9.815411e-14
1122.00 9.813809e-14
1122.50 9.812206e-14
1123.00 9.808225e-14
1123.50 9.806622e-14
1124.00 9.805018e-14
1124.50 9.803413e-14
1125.00 9.799438e-14
1125.50 9.797833e-14
1126.00 9.796227e-14
1126.50 9.79462e-14
1127.00 9.790652e-14
1127.50 9.789045e-14
1128.00 9.787437e-14
1128.50 9.785829e-14
1129.00 9.781867e-14
1129.50 9.780258e-14
1130.00 9.778648e-14
1130.50 9.777037e-14
1131.00 9.775426e-14
1131.50 9.771472e-14
1132.00 9.76986e-14
1132.50 9.768247e-14
1133.00 9.766634e-14
1133.50 9.762686e-14
1134.00 9.761073e-14
1134.50 9.759459e-14
1135.00 9.757843e-14
1135.50 9.753902e-14
1136.00 9.752287e-14
1136.50 9.750671e-14
1137.00 9.749054e-14
1137.50 9.747436e-14
1138.00 9.743503e-14
1138.50 9.741885e-14
1139.00 9.740266e-14
1139.50 9.738647e-14
1140.00 9.73472e-14
1140.50 9.7331e-14
1141.00 9.73148e-14
1141.50 9.729859e-14
1142.00 9.728237e-14
1142.50 9.724318e-14
1143.00 9.722696e-14
1143.50 9.721073e-14
1144.00 9.71945e-14
1144.50 9.715537e-14
1145.00 9.713914e-14
1145.50 9.71229e-14
1146.00 9.710665e-14
1146.50 9.709039e-14
1147.00 9.705133e-14
1147.50 9.703508e-14
1148.00 9.701881e-14
1148.50 9.700254e-14
1149.00 9.698626e-14
1149.50 9.694728e-14
1150.00 9.693101e-14
1150.50 9.691472e-14
1151.00 9.689843e-14
1151.50 9.685951e-14
1152.00 9.684322e-14
1152.50 9.682692e-14
1153.00 9.681061e-14
1153.50 9.67943e-14
1154.00 9.675546e-14
1154.50 9.673915e-14
1155.00 9.672283e-14
1155.50 9.67065e-14
1156.00 9.669017e-14
1156.50 9.665141e-14
1157.00 9.663507e-14
1157.50 9.661873e-14
1158.00 9.660239e-14
1158.50 9.658603e-14
1159.00 9.654735e-14
1159.50 9.6531e-14
1160.00 9.651463e-14
1160.50 9.649827e-14
1161.00 9.648189e-14
1161.50 9.644329e-14
1162.00 9.642692e-14
1162.50 9.641054e-14
1163.00 9.639415e-14
1163.50 9.637776e-14
1164.00 9.633923e-14
1164.50 9.632284e-14
1165.00 9.630644e-14
1165.50 9.629004e-14
1166.00 9.627363e-14
1166.50 9.623518e-14
1167.00 9.621877e-14
1167.50 9.620235e-14
1168.00 9.618593e-14
1168.50 9.61695e-14
1169.00 9.613113e-14
1169.50 9.611471e-14
1170.00 9.609828e-14
1170.50 9.608184e-14
1171.00 9.606539e-14
1171.50 9.604894e-14
1172.00 9.601066e-14
1172.50 9.599421e-14
1173.00 9.597776e-14
1173.50 9.59613e-14
1174.00 9.594483e-14
1174.50 9.590662e-14
1175.00 9.589016e-14
1175.50 9.587369e-14
1176.00 9.585721e-14
1176.50 9.584073e-14
1177.00 9.582424e-14
1177.50 9.578612e-14
1178.00 9.576964e-14
1178.50 9.575315e-14
1179.00 9.573665e-14
1179.50 9.572015e-14
1180.00 9.570364e-14
1180.50 9.566561e-14
1181.00 9.564911e-14
1181.50 9.56326e-14
1182.00 9.561608e-14
1182.50 9.559956e-14
1183.00 9.556161e-14
1183.50 9.554509e-14
1184.00 9.552856e-14
1184.50 9.551203e-14
1185.00 9.54955e-14
1185.50 9.547896e-14
1186.00 9.54411e-14
1186.50 9.542456e-14
1187.00 9.540802e-14
1187.50 9.539147e-14
1188.00 9.537491e-14
1188.50 9.535835e-14
1189.00 9.532058e-14
1189.50 9.530403e-14
1190.00 9.528747e-14
1190.50 9.52709e-14
1191.00 9.525433e-14
1191.50 9.523776e-14
1192.00 9.520007e-14
1192.50 9.51835e-14
1193.00 9.516693e-14
1193.50 9.515034e-14
1194.00 9.513376e-14
1194.50 9.511716e-14
1195.00 9.510056e-14
1195.50 9.506298e-14
1196.00 9.504639e-14
1196.50 9.502979e-14
1197.00 9.501319e-14
1197.50 9.499658e-14
1198.00 9.497997e-14
1198.50 9.494248e-14
1199.00 9.492587e-14
1199.50 9.490926e-14
1200.00 9.489264e-14
